
1 Shared: 512 2 256 1 512 0 0
1 Shared: 512 2 256 1 1024 0 0
1 Shared: 512 2 256 2 512 0 0
1 Shared: 512 2 256 2 1024 0 0
1 Shared: 512 2 256 4 512 0 0
1 Shared: 512 2 256 4 1024 0 0
1 Shared: 512 1 512 1 512 0 0
1 Shared: 512 1 512 1 1024 0 0
1 Shared: 512 1 512 2 512 0 0
1 Shared: 512 1 512 2 1024 0 0
1 Shared: 512 1 512 4 512 0 0
1 Shared: 512 1 512 4 1024 0 0
1 Shared: 512 2 256 1 512 0 1 1
1 Shared: 512 1 512 0 1 2
1 Shared: 512 1 512 0 1 4
1 Shared: 512 2 256 1 1024 0 1 1
1 Shared: 512 1 1024 0 1 2
1 Shared: 512 1 1024 0 1 4
1 Shared: 512 2 256 2 512 0 1 1
1 Shared: 512 2 512 0 1 2
1 Shared: 512 2 512 0 1 4
1 Shared: 512 2 256 2 1024 0 1 1
1 Shared: 512 2 1024 0 1 2
1 Shared: 512 2 1024 0 1 4
1 Shared: 512 2 256 4 512 0 1 1
1 Shared: 512 4 512 0 1 2
1 Shared: 512 4 512 0 1 4
1 Shared: 512 2 256 4 1024 0 1 1
1 Shared: 512 4 1024 0 1 2
1 Shared: 512 4 1024 0 1 4
1 Shared: 512 1 512 1 512 0 1 1
1 Shared: 512 1 512 0 1 2
1 Shared: 512 1 512 0 1 4
1 Shared: 512 1 512 1 1024 0 1 1
1 Shared: 512 1 1024 0 1 2
1 Shared: 512 1 1024 0 1 4
1 Shared: 512 1 512 2 512 0 1 1
1 Shared: 512 2 512 0 1 2
1 Shared: 512 2 512 0 1 4
1 Shared: 512 1 512 2 1024 0 1 1
1 Shared: 512 2 1024 0 1 2
1 Shared: 512 2 1024 0 1 4
1 Shared: 512 1 512 4 512 0 1 1
1 Shared: 512 4 512 0 1 2
1 Shared: 512 4 512 0 1 4
1 Shared: 512 1 512 4 1024 0 1 1
1 Shared: 512 4 1024 0 1 2
1 Shared: 512 4 1024 0 1 4
1 Shared: 512 2 256 1 512 0 2
1 Shared: 512 2 256 1 1024 0 2
1 Shared: 512 2 256 2 512 0 2
1 Shared: 512 2 256 2 1024 0 2
1 Shared: 512 2 256 4 512 0 2
1 Shared: 512 2 256 4 1024 0 2
1 Shared: 512 1 512 1 512 0 2
1 Shared: 512 1 512 1 1024 0 2
1 Shared: 512 1 512 2 512 0 2
1 Shared: 512 1 512 2 1024 0 2
1 Shared: 512 1 512 4 512 0 2
1 Shared: 512 1 512 4 1024 0 2
1 Shared: 512 2 256 1 512 0 3
1 Shared: 512 2 256 1 1024 0 3
1 Shared: 512 2 256 2 512 0 3
1 Shared: 512 2 256 2 1024 0 3
1 Shared: 512 2 256 4 512 0 3
1 Shared: 512 2 256 4 1024 0 3
1 Shared: 512 1 512 1 512 0 3
1 Shared: 512 1 512 1 1024 0 3
1 Shared: 512 1 512 2 512 0 3
1 Shared: 512 1 512 2 1024 0 3
1 Shared: 512 1 512 4 512 0 3
1 Shared: 512 1 512 4 1024 0 3
1 Shared: 512 2 256 1 512 0 4
1 Shared: 512 2 256 1 1024 0 4
1 Shared: 512 2 256 2 512 0 4
1 Shared: 512 2 256 2 1024 0 4
1 Shared: 512 2 256 4 512 0 4
1 Shared: 512 2 256 4 1024 0 4
1 Shared: 512 1 512 1 512 0 4
1 Shared: 512 1 512 1 1024 0 4
1 Shared: 512 1 512 2 512 0 4
1 Shared: 512 1 512 2 1024 0 4
1 Shared: 512 1 512 4 512 0 4
1 Shared: 512 1 512 4 1024 0 4
1 Shared: 512 2 256 1 512 0 5
1 Shared: 512 2 256 1 1024 0 5
1 Shared: 512 2 256 2 512 0 5
1 Shared: 512 2 256 2 1024 0 5
1 Shared: 512 2 256 4 512 0 5
1 Shared: 512 2 256 4 1024 0 5
1 Shared: 512 1 512 1 512 0 5
1 Shared: 512 1 512 1 1024 0 5
1 Shared: 512 1 512 2 512 0 5
1 Shared: 512 1 512 2 1024 0 5
1 Shared: 512 1 512 4 512 0 5
1 Shared: 512 1 512 4 1024 0 5
1 Shared: 512 2 256 1 512 0 6
1 Shared: 512 2 256 1 1024 0 6
1 Shared: 512 2 256 2 512 0 6
1 Shared: 512 2 256 2 1024 0 6
1 Shared: 512 2 256 4 512 0 6
1 Shared: 512 2 256 4 1024 0 6
1 Shared: 512 1 512 1 512 0 6
1 Shared: 512 1 512 1 1024 0 6
1 Shared: 512 1 512 2 512 0 6
1 Shared: 512 1 512 2 1024 0 6
1 Shared: 512 1 512 4 512 0 6
1 Shared: 512 1 512 4 1024 0 6
1 Shared: 512 2 256 1 512 1 0
1 Shared: 512 2 256 1 1024 1 0
1 Shared: 512 2 256 2 512 1 0
1 Shared: 512 2 256 2 1024 1 0
1 Shared: 512 2 256 4 512 1 0
1 Shared: 512 2 256 4 1024 1 0
1 Shared: 512 1 512 1 512 1 0
1 Shared: 512 1 512 1 1024 1 0
1 Shared: 512 1 512 2 512 1 0
1 Shared: 512 1 512 2 1024 1 0
1 Shared: 512 1 512 4 512 1 0
1 Shared: 512 1 512 4 1024 1 0
1 Shared: 512 2 256 1 512 1 1 1
1 Shared: 512 1 512 1 1 2
1 Shared: 512 1 512 1 1 4
1 Shared: 512 2 256 1 1024 1 1 1
1 Shared: 512 1 1024 1 1 2
1 Shared: 512 1 1024 1 1 4
1 Shared: 512 2 256 2 512 1 1 1
1 Shared: 512 2 512 1 1 2
1 Shared: 512 2 512 1 1 4
1 Shared: 512 2 256 2 1024 1 1 1
1 Shared: 512 2 1024 1 1 2
1 Shared: 512 2 1024 1 1 4
1 Shared: 512 2 256 4 512 1 1 1
1 Shared: 512 4 512 1 1 2
1 Shared: 512 4 512 1 1 4
1 Shared: 512 2 256 4 1024 1 1 1
1 Shared: 512 4 1024 1 1 2
1 Shared: 512 4 1024 1 1 4
1 Shared: 512 1 512 1 512 1 1 1
1 Shared: 512 1 512 1 1 2
1 Shared: 512 1 512 1 1 4
1 Shared: 512 1 512 1 1024 1 1 1
1 Shared: 512 1 1024 1 1 2
1 Shared: 512 1 1024 1 1 4
1 Shared: 512 1 512 2 512 1 1 1
1 Shared: 512 2 512 1 1 2
1 Shared: 512 2 512 1 1 4
1 Shared: 512 1 512 2 1024 1 1 1
1 Shared: 512 2 1024 1 1 2
1 Shared: 512 2 1024 1 1 4
1 Shared: 512 1 512 4 512 1 1 1
1 Shared: 512 4 512 1 1 2
1 Shared: 512 4 512 1 1 4
1 Shared: 512 1 512 4 1024 1 1 1
1 Shared: 512 4 1024 1 1 2
1 Shared: 512 4 1024 1 1 4
1 Shared: 512 2 256 1 512 1 2
1 Shared: 512 2 256 1 1024 1 2
1 Shared: 512 2 256 2 512 1 2
1 Shared: 512 2 256 2 1024 1 2
1 Shared: 512 2 256 4 512 1 2
1 Shared: 512 2 256 4 1024 1 2
1 Shared: 512 1 512 1 512 1 2
1 Shared: 512 1 512 1 1024 1 2
1 Shared: 512 1 512 2 512 1 2
1 Shared: 512 1 512 2 1024 1 2
1 Shared: 512 1 512 4 512 1 2
1 Shared: 512 1 512 4 1024 1 2
1 Shared: 512 2 256 1 512 1 3
1 Shared: 512 2 256 1 1024 1 3
1 Shared: 512 2 256 2 512 1 3
1 Shared: 512 2 256 2 1024 1 3
1 Shared: 512 2 256 4 512 1 3
1 Shared: 512 2 256 4 1024 1 3
1 Shared: 512 1 512 1 512 1 3
1 Shared: 512 1 512 1 1024 1 3
1 Shared: 512 1 512 2 512 1 3
1 Shared: 512 1 512 2 1024 1 3
1 Shared: 512 1 512 4 512 1 3
1 Shared: 512 1 512 4 1024 1 3
1 Shared: 512 2 256 1 512 1 4
1 Shared: 512 2 256 1 1024 1 4
1 Shared: 512 2 256 2 512 1 4
1 Shared: 512 2 256 2 1024 1 4
1 Shared: 512 2 256 4 512 1 4
1 Shared: 512 2 256 4 1024 1 4
1 Shared: 512 1 512 1 512 1 4
1 Shared: 512 1 512 1 1024 1 4
1 Shared: 512 1 512 2 512 1 4
1 Shared: 512 1 512 2 1024 1 4
1 Shared: 512 1 512 4 512 1 4
1 Shared: 512 1 512 4 1024 1 4
1 Shared: 512 2 256 1 512 1 5
1 Shared: 512 2 256 1 1024 1 5
1 Shared: 512 2 256 2 512 1 5
1 Shared: 512 2 256 2 1024 1 5
1 Shared: 512 2 256 4 512 1 5
1 Shared: 512 2 256 4 1024 1 5
1 Shared: 512 1 512 1 512 1 5
1 Shared: 512 1 512 1 1024 1 5
1 Shared: 512 1 512 2 512 1 5
1 Shared: 512 1 512 2 1024 1 5
1 Shared: 512 1 512 4 512 1 5
1 Shared: 512 1 512 4 1024 1 5
1 Shared: 512 2 256 1 512 1 6
1 Shared: 512 2 256 1 1024 1 6
1 Shared: 512 2 256 2 512 1 6
1 Shared: 512 2 256 2 1024 1 6
1 Shared: 512 2 256 4 512 1 6
1 Shared: 512 2 256 4 1024 1 6
1 Shared: 512 1 512 1 512 1 6
1 Shared: 512 1 512 1 1024 1 6
1 Shared: 512 1 512 2 512 1 6
1 Shared: 512 1 512 2 1024 1 6
1 Shared: 512 1 512 4 512 1 6
1 Shared: 512 1 512 4 1024 1 6
1 Shared: 512 2 256 1 512 2 0
1 Shared: 512 2 256 1 1024 2 0
1 Shared: 512 2 256 2 512 2 0
1 Shared: 512 2 256 2 1024 2 0
1 Shared: 512 2 256 4 512 2 0
1 Shared: 512 2 256 4 1024 2 0
1 Shared: 512 1 512 1 512 2 0
1 Shared: 512 1 512 1 1024 2 0
1 Shared: 512 1 512 2 512 2 0
1 Shared: 512 1 512 2 1024 2 0
1 Shared: 512 1 512 4 512 2 0
1 Shared: 512 1 512 4 1024 2 0
1 Shared: 512 2 256 1 512 2 1 1
1 Shared: 512 1 512 2 1 2
1 Shared: 512 1 512 2 1 4
1 Shared: 512 2 256 1 1024 2 1 1
1 Shared: 512 1 1024 2 1 2
1 Shared: 512 1 1024 2 1 4
1 Shared: 512 2 256 2 512 2 1 1
1 Shared: 512 2 512 2 1 2
1 Shared: 512 2 512 2 1 4
1 Shared: 512 2 256 2 1024 2 1 1
1 Shared: 512 2 1024 2 1 2
1 Shared: 512 2 1024 2 1 4
1 Shared: 512 2 256 4 512 2 1 1
1 Shared: 512 4 512 2 1 2
1 Shared: 512 4 512 2 1 4
1 Shared: 512 2 256 4 1024 2 1 1
1 Shared: 512 4 1024 2 1 2
1 Shared: 512 4 1024 2 1 4
1 Shared: 512 1 512 1 512 2 1 1
1 Shared: 512 1 512 2 1 2
1 Shared: 512 1 512 2 1 4
1 Shared: 512 1 512 1 1024 2 1 1
1 Shared: 512 1 1024 2 1 2
1 Shared: 512 1 1024 2 1 4
1 Shared: 512 1 512 2 512 2 1 1
1 Shared: 512 2 512 2 1 2
1 Shared: 512 2 512 2 1 4
1 Shared: 512 1 512 2 1024 2 1 1
1 Shared: 512 2 1024 2 1 2
1 Shared: 512 2 1024 2 1 4
1 Shared: 512 1 512 4 512 2 1 1
1 Shared: 512 4 512 2 1 2
1 Shared: 512 4 512 2 1 4
1 Shared: 512 1 512 4 1024 2 1 1
1 Shared: 512 4 1024 2 1 2
1 Shared: 512 4 1024 2 1 4
1 Shared: 512 2 256 1 512 2 2
1 Shared: 512 2 256 1 1024 2 2
1 Shared: 512 2 256 2 512 2 2
1 Shared: 512 2 256 2 1024 2 2
1 Shared: 512 2 256 4 512 2 2
1 Shared: 512 2 256 4 1024 2 2
1 Shared: 512 1 512 1 512 2 2
1 Shared: 512 1 512 1 1024 2 2
1 Shared: 512 1 512 2 512 2 2
1 Shared: 512 1 512 2 1024 2 2
1 Shared: 512 1 512 4 512 2 2
1 Shared: 512 1 512 4 1024 2 2
1 Shared: 512 2 256 1 512 2 3
1 Shared: 512 2 256 1 1024 2 3
1 Shared: 512 2 256 2 512 2 3
1 Shared: 512 2 256 2 1024 2 3
1 Shared: 512 2 256 4 512 2 3
1 Shared: 512 2 256 4 1024 2 3
1 Shared: 512 1 512 1 512 2 3
1 Shared: 512 1 512 1 1024 2 3
1 Shared: 512 1 512 2 512 2 3
1 Shared: 512 1 512 2 1024 2 3
1 Shared: 512 1 512 4 512 2 3
1 Shared: 512 1 512 4 1024 2 3
1 Shared: 512 2 256 1 512 2 4
1 Shared: 512 2 256 1 1024 2 4
1 Shared: 512 2 256 2 512 2 4
1 Shared: 512 2 256 2 1024 2 4
1 Shared: 512 2 256 4 512 2 4
1 Shared: 512 2 256 4 1024 2 4
1 Shared: 512 1 512 1 512 2 4
1 Shared: 512 1 512 1 1024 2 4
1 Shared: 512 1 512 2 512 2 4
1 Shared: 512 1 512 2 1024 2 4
1 Shared: 512 1 512 4 512 2 4
1 Shared: 512 1 512 4 1024 2 4
1 Shared: 512 2 256 1 512 2 5
1 Shared: 512 2 256 1 1024 2 5
1 Shared: 512 2 256 2 512 2 5
1 Shared: 512 2 256 2 1024 2 5
1 Shared: 512 2 256 4 512 2 5
1 Shared: 512 2 256 4 1024 2 5
1 Shared: 512 1 512 1 512 2 5
1 Shared: 512 1 512 1 1024 2 5
1 Shared: 512 1 512 2 512 2 5
1 Shared: 512 1 512 2 1024 2 5
1 Shared: 512 1 512 4 512 2 5
1 Shared: 512 1 512 4 1024 2 5
1 Shared: 512 2 256 1 512 2 6
1 Shared: 512 2 256 1 1024 2 6
1 Shared: 512 2 256 2 512 2 6
1 Shared: 512 2 256 2 1024 2 6
1 Shared: 512 2 256 4 512 2 6
1 Shared: 512 2 256 4 1024 2 6
1 Shared: 512 1 512 1 512 2 6
1 Shared: 512 1 512 1 1024 2 6
1 Shared: 512 1 512 2 512 2 6
1 Shared: 512 1 512 2 1024 2 6
1 Shared: 512 1 512 4 512 2 6
1 Shared: 512 1 512 4 1024 2 6
1 Shared: 512 2 256 1 512 3 0
1 Shared: 512 2 256 1 1024 3 0
1 Shared: 512 2 256 2 512 3 0
1 Shared: 512 2 256 2 1024 3 0
1 Shared: 512 2 256 4 512 3 0
1 Shared: 512 2 256 4 1024 3 0
1 Shared: 512 1 512 1 512 3 0
1 Shared: 512 1 512 1 1024 3 0
1 Shared: 512 1 512 2 512 3 0
1 Shared: 512 1 512 2 1024 3 0
1 Shared: 512 1 512 4 512 3 0
1 Shared: 512 1 512 4 1024 3 0
1 Shared: 512 2 256 1 512 3 1 1
1 Shared: 512 1 512 3 1 2
1 Shared: 512 1 512 3 1 4
1 Shared: 512 2 256 1 1024 3 1 1
1 Shared: 512 1 1024 3 1 2
1 Shared: 512 1 1024 3 1 4
1 Shared: 512 2 256 2 512 3 1 1
1 Shared: 512 2 512 3 1 2
1 Shared: 512 2 512 3 1 4
1 Shared: 512 2 256 2 1024 3 1 1
1 Shared: 512 2 1024 3 1 2
1 Shared: 512 2 1024 3 1 4
1 Shared: 512 2 256 4 512 3 1 1
1 Shared: 512 4 512 3 1 2
1 Shared: 512 4 512 3 1 4
1 Shared: 512 2 256 4 1024 3 1 1
1 Shared: 512 4 1024 3 1 2
1 Shared: 512 4 1024 3 1 4
1 Shared: 512 1 512 1 512 3 1 1
1 Shared: 512 1 512 3 1 2
1 Shared: 512 1 512 3 1 4
1 Shared: 512 1 512 1 1024 3 1 1
1 Shared: 512 1 1024 3 1 2
1 Shared: 512 1 1024 3 1 4
1 Shared: 512 1 512 2 512 3 1 1
1 Shared: 512 2 512 3 1 2
1 Shared: 512 2 512 3 1 4
1 Shared: 512 1 512 2 1024 3 1 1
1 Shared: 512 2 1024 3 1 2
1 Shared: 512 2 1024 3 1 4
1 Shared: 512 1 512 4 512 3 1 1
1 Shared: 512 4 512 3 1 2
1 Shared: 512 4 512 3 1 4
1 Shared: 512 1 512 4 1024 3 1 1
1 Shared: 512 4 1024 3 1 2
1 Shared: 512 4 1024 3 1 4
1 Shared: 512 2 256 1 512 3 2
1 Shared: 512 2 256 1 1024 3 2
1 Shared: 512 2 256 2 512 3 2
1 Shared: 512 2 256 2 1024 3 2
1 Shared: 512 2 256 4 512 3 2
1 Shared: 512 2 256 4 1024 3 2
1 Shared: 512 1 512 1 512 3 2
1 Shared: 512 1 512 1 1024 3 2
1 Shared: 512 1 512 2 512 3 2
1 Shared: 512 1 512 2 1024 3 2
1 Shared: 512 1 512 4 512 3 2
1 Shared: 512 1 512 4 1024 3 2
1 Shared: 512 2 256 1 512 3 3
1 Shared: 512 2 256 1 1024 3 3
1 Shared: 512 2 256 2 512 3 3
1 Shared: 512 2 256 2 1024 3 3
1 Shared: 512 2 256 4 512 3 3
1 Shared: 512 2 256 4 1024 3 3
1 Shared: 512 1 512 1 512 3 3
1 Shared: 512 1 512 1 1024 3 3
1 Shared: 512 1 512 2 512 3 3
1 Shared: 512 1 512 2 1024 3 3
1 Shared: 512 1 512 4 512 3 3
1 Shared: 512 1 512 4 1024 3 3
1 Shared: 512 2 256 1 512 3 4
1 Shared: 512 2 256 1 1024 3 4
1 Shared: 512 2 256 2 512 3 4
1 Shared: 512 2 256 2 1024 3 4
1 Shared: 512 2 256 4 512 3 4
1 Shared: 512 2 256 4 1024 3 4
1 Shared: 512 1 512 1 512 3 4
1 Shared: 512 1 512 1 1024 3 4
1 Shared: 512 1 512 2 512 3 4
1 Shared: 512 1 512 2 1024 3 4
1 Shared: 512 1 512 4 512 3 4
1 Shared: 512 1 512 4 1024 3 4
1 Shared: 512 2 256 1 512 3 5
1 Shared: 512 2 256 1 1024 3 5
1 Shared: 512 2 256 2 512 3 5
1 Shared: 512 2 256 2 1024 3 5
1 Shared: 512 2 256 4 512 3 5
1 Shared: 512 2 256 4 1024 3 5
1 Shared: 512 1 512 1 512 3 5
1 Shared: 512 1 512 1 1024 3 5
1 Shared: 512 1 512 2 512 3 5
1 Shared: 512 1 512 2 1024 3 5
1 Shared: 512 1 512 4 512 3 5
1 Shared: 512 1 512 4 1024 3 5
1 Shared: 512 2 256 1 512 3 6
1 Shared: 512 2 256 1 1024 3 6
1 Shared: 512 2 256 2 512 3 6
1 Shared: 512 2 256 2 1024 3 6
1 Shared: 512 2 256 4 512 3 6
1 Shared: 512 2 256 4 1024 3 6
1 Shared: 512 1 512 1 512 3 6
1 Shared: 512 1 512 1 1024 3 6
1 Shared: 512 1 512 2 512 3 6
1 Shared: 512 1 512 2 1024 3 6
1 Shared: 512 1 512 4 512 3 6
1 Shared: 512 1 512 4 1024 3 6
1 Shared: 512 2 256 1 512 4 0
1 Shared: 512 2 256 1 1024 4 0
1 Shared: 512 2 256 2 512 4 0
1 Shared: 512 2 256 2 1024 4 0
1 Shared: 512 2 256 4 512 4 0
1 Shared: 512 2 256 4 1024 4 0
1 Shared: 512 1 512 1 512 4 0
1 Shared: 512 1 512 1 1024 4 0
1 Shared: 512 1 512 2 512 4 0
1 Shared: 512 1 512 2 1024 4 0
1 Shared: 512 1 512 4 512 4 0
1 Shared: 512 1 512 4 1024 4 0
1 Shared: 512 2 256 1 512 4 1 1
1 Shared: 512 1 512 4 1 2
1 Shared: 512 1 512 4 1 4
1 Shared: 512 2 256 1 1024 4 1 1
1 Shared: 512 1 1024 4 1 2
1 Shared: 512 1 1024 4 1 4
1 Shared: 512 2 256 2 512 4 1 1
1 Shared: 512 2 512 4 1 2
1 Shared: 512 2 512 4 1 4
1 Shared: 512 2 256 2 1024 4 1 1
1 Shared: 512 2 1024 4 1 2
1 Shared: 512 2 1024 4 1 4
1 Shared: 512 2 256 4 512 4 1 1
1 Shared: 512 4 512 4 1 2
1 Shared: 512 4 512 4 1 4
1 Shared: 512 2 256 4 1024 4 1 1
1 Shared: 512 4 1024 4 1 2
1 Shared: 512 4 1024 4 1 4
1 Shared: 512 1 512 1 512 4 1 1
1 Shared: 512 1 512 4 1 2
1 Shared: 512 1 512 4 1 4
1 Shared: 512 1 512 1 1024 4 1 1
1 Shared: 512 1 1024 4 1 2
1 Shared: 512 1 1024 4 1 4
1 Shared: 512 1 512 2 512 4 1 1
1 Shared: 512 2 512 4 1 2
1 Shared: 512 2 512 4 1 4
1 Shared: 512 1 512 2 1024 4 1 1
1 Shared: 512 2 1024 4 1 2
1 Shared: 512 2 1024 4 1 4
1 Shared: 512 1 512 4 512 4 1 1
1 Shared: 512 4 512 4 1 2
1 Shared: 512 4 512 4 1 4
1 Shared: 512 1 512 4 1024 4 1 1
1 Shared: 512 4 1024 4 1 2
1 Shared: 512 4 1024 4 1 4
1 Shared: 512 2 256 1 512 4 2
1 Shared: 512 2 256 1 1024 4 2
1 Shared: 512 2 256 2 512 4 2
1 Shared: 512 2 256 2 1024 4 2
1 Shared: 512 2 256 4 512 4 2
1 Shared: 512 2 256 4 1024 4 2
1 Shared: 512 1 512 1 512 4 2
1 Shared: 512 1 512 1 1024 4 2
1 Shared: 512 1 512 2 512 4 2
1 Shared: 512 1 512 2 1024 4 2
1 Shared: 512 1 512 4 512 4 2
1 Shared: 512 1 512 4 1024 4 2
1 Shared: 512 2 256 1 512 4 3
1 Shared: 512 2 256 1 1024 4 3
1 Shared: 512 2 256 2 512 4 3
1 Shared: 512 2 256 2 1024 4 3
1 Shared: 512 2 256 4 512 4 3
1 Shared: 512 2 256 4 1024 4 3
1 Shared: 512 1 512 1 512 4 3
1 Shared: 512 1 512 1 1024 4 3
1 Shared: 512 1 512 2 512 4 3
1 Shared: 512 1 512 2 1024 4 3
1 Shared: 512 1 512 4 512 4 3
1 Shared: 512 1 512 4 1024 4 3
1 Shared: 512 2 256 1 512 4 4
1 Shared: 512 2 256 1 1024 4 4
1 Shared: 512 2 256 2 512 4 4
1 Shared: 512 2 256 2 1024 4 4
1 Shared: 512 2 256 4 512 4 4
1 Shared: 512 2 256 4 1024 4 4
1 Shared: 512 1 512 1 512 4 4
1 Shared: 512 1 512 1 1024 4 4
1 Shared: 512 1 512 2 512 4 4
1 Shared: 512 1 512 2 1024 4 4
1 Shared: 512 1 512 4 512 4 4
1 Shared: 512 1 512 4 1024 4 4
1 Shared: 512 2 256 1 512 4 5
1 Shared: 512 2 256 1 1024 4 5
1 Shared: 512 2 256 2 512 4 5
1 Shared: 512 2 256 2 1024 4 5
1 Shared: 512 2 256 4 512 4 5
1 Shared: 512 2 256 4 1024 4 5
1 Shared: 512 1 512 1 512 4 5
1 Shared: 512 1 512 1 1024 4 5
1 Shared: 512 1 512 2 512 4 5
1 Shared: 512 1 512 2 1024 4 5
1 Shared: 512 1 512 4 512 4 5
1 Shared: 512 1 512 4 1024 4 5
1 Shared: 512 2 256 1 512 4 6
1 Shared: 512 2 256 1 1024 4 6
1 Shared: 512 2 256 2 512 4 6
1 Shared: 512 2 256 2 1024 4 6
1 Shared: 512 2 256 4 512 4 6
1 Shared: 512 2 256 4 1024 4 6
1 Shared: 512 1 512 1 512 4 6
1 Shared: 512 1 512 1 1024 4 6
1 Shared: 512 1 512 2 512 4 6
1 Shared: 512 1 512 2 1024 4 6
1 Shared: 512 1 512 4 512 4 6
1 Shared: 512 1 512 4 1024 4 6
1 Shared: 512 2 256 1 512 5 0
1 Shared: 512 2 256 1 1024 5 0
1 Shared: 512 2 256 2 512 5 0
1 Shared: 512 2 256 2 1024 5 0
1 Shared: 512 2 256 4 512 5 0
1 Shared: 512 2 256 4 1024 5 0
1 Shared: 512 1 512 1 512 5 0
1 Shared: 512 1 512 1 1024 5 0
1 Shared: 512 1 512 2 512 5 0
1 Shared: 512 1 512 2 1024 5 0
1 Shared: 512 1 512 4 512 5 0
1 Shared: 512 1 512 4 1024 5 0
1 Shared: 512 2 256 1 512 5 1 1
1 Shared: 512 1 512 5 1 2
1 Shared: 512 1 512 5 1 4
1 Shared: 512 2 256 1 1024 5 1 1
1 Shared: 512 1 1024 5 1 2
1 Shared: 512 1 1024 5 1 4
1 Shared: 512 2 256 2 512 5 1 1
1 Shared: 512 2 512 5 1 2
1 Shared: 512 2 512 5 1 4
1 Shared: 512 2 256 2 1024 5 1 1
1 Shared: 512 2 1024 5 1 2
1 Shared: 512 2 1024 5 1 4
1 Shared: 512 2 256 4 512 5 1 1
1 Shared: 512 4 512 5 1 2
1 Shared: 512 4 512 5 1 4
1 Shared: 512 2 256 4 1024 5 1 1
1 Shared: 512 4 1024 5 1 2
1 Shared: 512 4 1024 5 1 4
1 Shared: 512 1 512 1 512 5 1 1
1 Shared: 512 1 512 5 1 2
1 Shared: 512 1 512 5 1 4
1 Shared: 512 1 512 1 1024 5 1 1
1 Shared: 512 1 1024 5 1 2
1 Shared: 512 1 1024 5 1 4
1 Shared: 512 1 512 2 512 5 1 1
1 Shared: 512 2 512 5 1 2
1 Shared: 512 2 512 5 1 4
1 Shared: 512 1 512 2 1024 5 1 1
1 Shared: 512 2 1024 5 1 2
1 Shared: 512 2 1024 5 1 4
1 Shared: 512 1 512 4 512 5 1 1
1 Shared: 512 4 512 5 1 2
1 Shared: 512 4 512 5 1 4
1 Shared: 512 1 512 4 1024 5 1 1
1 Shared: 512 4 1024 5 1 2
1 Shared: 512 4 1024 5 1 4
1 Shared: 512 2 256 1 512 5 2
1 Shared: 512 2 256 1 1024 5 2
1 Shared: 512 2 256 2 512 5 2
1 Shared: 512 2 256 2 1024 5 2
1 Shared: 512 2 256 4 512 5 2
1 Shared: 512 2 256 4 1024 5 2
1 Shared: 512 1 512 1 512 5 2
1 Shared: 512 1 512 1 1024 5 2
1 Shared: 512 1 512 2 512 5 2
1 Shared: 512 1 512 2 1024 5 2
1 Shared: 512 1 512 4 512 5 2
1 Shared: 512 1 512 4 1024 5 2
1 Shared: 512 2 256 1 512 5 3
1 Shared: 512 2 256 1 1024 5 3
1 Shared: 512 2 256 2 512 5 3
1 Shared: 512 2 256 2 1024 5 3
1 Shared: 512 2 256 4 512 5 3
1 Shared: 512 2 256 4 1024 5 3
1 Shared: 512 1 512 1 512 5 3
1 Shared: 512 1 512 1 1024 5 3
1 Shared: 512 1 512 2 512 5 3
1 Shared: 512 1 512 2 1024 5 3
1 Shared: 512 1 512 4 512 5 3
1 Shared: 512 1 512 4 1024 5 3
1 Shared: 512 2 256 1 512 5 4
1 Shared: 512 2 256 1 1024 5 4
1 Shared: 512 2 256 2 512 5 4
1 Shared: 512 2 256 2 1024 5 4
1 Shared: 512 2 256 4 512 5 4
1 Shared: 512 2 256 4 1024 5 4
1 Shared: 512 1 512 1 512 5 4
1 Shared: 512 1 512 1 1024 5 4
1 Shared: 512 1 512 2 512 5 4
1 Shared: 512 1 512 2 1024 5 4
1 Shared: 512 1 512 4 512 5 4
1 Shared: 512 1 512 4 1024 5 4
1 Shared: 512 2 256 1 512 5 5
1 Shared: 512 2 256 1 1024 5 5
1 Shared: 512 2 256 2 512 5 5
1 Shared: 512 2 256 2 1024 5 5
1 Shared: 512 2 256 4 512 5 5
1 Shared: 512 2 256 4 1024 5 5
1 Shared: 512 1 512 1 512 5 5
1 Shared: 512 1 512 1 1024 5 5
1 Shared: 512 1 512 2 512 5 5
1 Shared: 512 1 512 2 1024 5 5
1 Shared: 512 1 512 4 512 5 5
1 Shared: 512 1 512 4 1024 5 5
1 Shared: 512 2 256 1 512 5 6
1 Shared: 512 2 256 1 1024 5 6
1 Shared: 512 2 256 2 512 5 6
1 Shared: 512 2 256 2 1024 5 6
1 Shared: 512 2 256 4 512 5 6
1 Shared: 512 2 256 4 1024 5 6
1 Shared: 512 1 512 1 512 5 6
1 Shared: 512 1 512 1 1024 5 6
1 Shared: 512 1 512 2 512 5 6
1 Shared: 512 1 512 2 1024 5 6
1 Shared: 512 1 512 4 512 5 6
1 Shared: 512 1 512 4 1024 5 6
1 Shared: 1024 4 256 1 512 0 0
1 Shared: 1024 4 256 1 1024 0 0
1 Shared: 1024 4 256 2 512 0 0
1 Shared: 1024 4 256 2 1024 0 0
1 Shared: 1024 4 256 4 512 0 0
1 Shared: 1024 4 256 4 1024 0 0
1 Shared: 1024 2 512 1 512 0 0
1 Shared: 1024 2 512 1 1024 0 0
1 Shared: 1024 2 512 2 512 0 0
1 Shared: 1024 2 512 2 1024 0 0
1 Shared: 1024 2 512 4 512 0 0
1 Shared: 1024 2 512 4 1024 0 0
1 Shared: 1024 4 256 1 512 0 1 1
1 Shared: 1024 1 512 0 1 2
1 Shared: 1024 1 512 0 1 4
1 Shared: 1024 4 256 1 1024 0 1 1
1 Shared: 1024 1 1024 0 1 2
1 Shared: 1024 1 1024 0 1 4
1 Shared: 1024 4 256 2 512 0 1 1
1 Shared: 1024 2 512 0 1 2
1 Shared: 1024 2 512 0 1 4
1 Shared: 1024 4 256 2 1024 0 1 1
1 Shared: 1024 2 1024 0 1 2
1 Shared: 1024 2 1024 0 1 4
1 Shared: 1024 4 256 4 512 0 1 1
1 Shared: 1024 4 512 0 1 2
1 Shared: 1024 4 512 0 1 4
1 Shared: 1024 4 256 4 1024 0 1 1
1 Shared: 1024 4 1024 0 1 2
1 Shared: 1024 4 1024 0 1 4
1 Shared: 1024 2 512 1 512 0 1 1
1 Shared: 1024 1 512 0 1 2
1 Shared: 1024 1 512 0 1 4
1 Shared: 1024 2 512 1 1024 0 1 1
1 Shared: 1024 1 1024 0 1 2
1 Shared: 1024 1 1024 0 1 4
1 Shared: 1024 2 512 2 512 0 1 1
1 Shared: 1024 2 512 0 1 2
1 Shared: 1024 2 512 0 1 4
1 Shared: 1024 2 512 2 1024 0 1 1
1 Shared: 1024 2 1024 0 1 2
1 Shared: 1024 2 1024 0 1 4
1 Shared: 1024 2 512 4 512 0 1 1
1 Shared: 1024 4 512 0 1 2
1 Shared: 1024 4 512 0 1 4
1 Shared: 1024 2 512 4 1024 0 1 1
1 Shared: 1024 4 1024 0 1 2
1 Shared: 1024 4 1024 0 1 4
1 Shared: 1024 4 256 1 512 0 2
1 Shared: 1024 4 256 1 1024 0 2
1 Shared: 1024 4 256 2 512 0 2
1 Shared: 1024 4 256 2 1024 0 2
1 Shared: 1024 4 256 4 512 0 2
1 Shared: 1024 4 256 4 1024 0 2
1 Shared: 1024 2 512 1 512 0 2
1 Shared: 1024 2 512 1 1024 0 2
1 Shared: 1024 2 512 2 512 0 2
1 Shared: 1024 2 512 2 1024 0 2
1 Shared: 1024 2 512 4 512 0 2
1 Shared: 1024 2 512 4 1024 0 2
1 Shared: 1024 4 256 1 512 0 3
1 Shared: 1024 4 256 1 1024 0 3
1 Shared: 1024 4 256 2 512 0 3
1 Shared: 1024 4 256 2 1024 0 3
1 Shared: 1024 4 256 4 512 0 3
1 Shared: 1024 4 256 4 1024 0 3
1 Shared: 1024 2 512 1 512 0 3
1 Shared: 1024 2 512 1 1024 0 3
1 Shared: 1024 2 512 2 512 0 3
1 Shared: 1024 2 512 2 1024 0 3
1 Shared: 1024 2 512 4 512 0 3
1 Shared: 1024 2 512 4 1024 0 3
1 Shared: 1024 4 256 1 512 0 4
1 Shared: 1024 4 256 1 1024 0 4
1 Shared: 1024 4 256 2 512 0 4
1 Shared: 1024 4 256 2 1024 0 4
1 Shared: 1024 4 256 4 512 0 4
1 Shared: 1024 4 256 4 1024 0 4
1 Shared: 1024 2 512 1 512 0 4
1 Shared: 1024 2 512 1 1024 0 4
1 Shared: 1024 2 512 2 512 0 4
1 Shared: 1024 2 512 2 1024 0 4
1 Shared: 1024 2 512 4 512 0 4
1 Shared: 1024 2 512 4 1024 0 4
1 Shared: 1024 4 256 1 512 0 5
1 Shared: 1024 4 256 1 1024 0 5
1 Shared: 1024 4 256 2 512 0 5
1 Shared: 1024 4 256 2 1024 0 5
1 Shared: 1024 4 256 4 512 0 5
1 Shared: 1024 4 256 4 1024 0 5
1 Shared: 1024 2 512 1 512 0 5
1 Shared: 1024 2 512 1 1024 0 5
1 Shared: 1024 2 512 2 512 0 5
1 Shared: 1024 2 512 2 1024 0 5
1 Shared: 1024 2 512 4 512 0 5
1 Shared: 1024 2 512 4 1024 0 5
1 Shared: 1024 4 256 1 512 0 6
1 Shared: 1024 4 256 1 1024 0 6
1 Shared: 1024 4 256 2 512 0 6
1 Shared: 1024 4 256 2 1024 0 6
1 Shared: 1024 4 256 4 512 0 6
1 Shared: 1024 4 256 4 1024 0 6
1 Shared: 1024 2 512 1 512 0 6
1 Shared: 1024 2 512 1 1024 0 6
1 Shared: 1024 2 512 2 512 0 6
1 Shared: 1024 2 512 2 1024 0 6
1 Shared: 1024 2 512 4 512 0 6
1 Shared: 1024 2 512 4 1024 0 6
1 Shared: 1024 4 256 1 512 1 0
1 Shared: 1024 4 256 1 1024 1 0
1 Shared: 1024 4 256 2 512 1 0
1 Shared: 1024 4 256 2 1024 1 0
1 Shared: 1024 4 256 4 512 1 0
1 Shared: 1024 4 256 4 1024 1 0
1 Shared: 1024 2 512 1 512 1 0
1 Shared: 1024 2 512 1 1024 1 0
1 Shared: 1024 2 512 2 512 1 0
1 Shared: 1024 2 512 2 1024 1 0
1 Shared: 1024 2 512 4 512 1 0
1 Shared: 1024 2 512 4 1024 1 0
1 Shared: 1024 4 256 1 512 1 1 1
1 Shared: 1024 1 512 1 1 2
1 Shared: 1024 1 512 1 1 4
1 Shared: 1024 4 256 1 1024 1 1 1
1 Shared: 1024 1 1024 1 1 2
1 Shared: 1024 1 1024 1 1 4
1 Shared: 1024 4 256 2 512 1 1 1
1 Shared: 1024 2 512 1 1 2
1 Shared: 1024 2 512 1 1 4
1 Shared: 1024 4 256 2 1024 1 1 1
1 Shared: 1024 2 1024 1 1 2
1 Shared: 1024 2 1024 1 1 4
1 Shared: 1024 4 256 4 512 1 1 1
1 Shared: 1024 4 512 1 1 2
1 Shared: 1024 4 512 1 1 4
1 Shared: 1024 4 256 4 1024 1 1 1
1 Shared: 1024 4 1024 1 1 2
1 Shared: 1024 4 1024 1 1 4
1 Shared: 1024 2 512 1 512 1 1 1
1 Shared: 1024 1 512 1 1 2
1 Shared: 1024 1 512 1 1 4
1 Shared: 1024 2 512 1 1024 1 1 1
1 Shared: 1024 1 1024 1 1 2
1 Shared: 1024 1 1024 1 1 4
1 Shared: 1024 2 512 2 512 1 1 1
1 Shared: 1024 2 512 1 1 2
1 Shared: 1024 2 512 1 1 4
1 Shared: 1024 2 512 2 1024 1 1 1
1 Shared: 1024 2 1024 1 1 2
1 Shared: 1024 2 1024 1 1 4
1 Shared: 1024 2 512 4 512 1 1 1
1 Shared: 1024 4 512 1 1 2
1 Shared: 1024 4 512 1 1 4
1 Shared: 1024 2 512 4 1024 1 1 1
1 Shared: 1024 4 1024 1 1 2
1 Shared: 1024 4 1024 1 1 4
1 Shared: 1024 4 256 1 512 1 2
1 Shared: 1024 4 256 1 1024 1 2
1 Shared: 1024 4 256 2 512 1 2
1 Shared: 1024 4 256 2 1024 1 2
1 Shared: 1024 4 256 4 512 1 2
1 Shared: 1024 4 256 4 1024 1 2
1 Shared: 1024 2 512 1 512 1 2
1 Shared: 1024 2 512 1 1024 1 2
1 Shared: 1024 2 512 2 512 1 2
1 Shared: 1024 2 512 2 1024 1 2
1 Shared: 1024 2 512 4 512 1 2
1 Shared: 1024 2 512 4 1024 1 2
1 Shared: 1024 4 256 1 512 1 3
1 Shared: 1024 4 256 1 1024 1 3
1 Shared: 1024 4 256 2 512 1 3
1 Shared: 1024 4 256 2 1024 1 3
1 Shared: 1024 4 256 4 512 1 3
1 Shared: 1024 4 256 4 1024 1 3
1 Shared: 1024 2 512 1 512 1 3
1 Shared: 1024 2 512 1 1024 1 3
1 Shared: 1024 2 512 2 512 1 3
1 Shared: 1024 2 512 2 1024 1 3
1 Shared: 1024 2 512 4 512 1 3
1 Shared: 1024 2 512 4 1024 1 3
1 Shared: 1024 4 256 1 512 1 4
1 Shared: 1024 4 256 1 1024 1 4
1 Shared: 1024 4 256 2 512 1 4
1 Shared: 1024 4 256 2 1024 1 4
1 Shared: 1024 4 256 4 512 1 4
1 Shared: 1024 4 256 4 1024 1 4
1 Shared: 1024 2 512 1 512 1 4
1 Shared: 1024 2 512 1 1024 1 4
1 Shared: 1024 2 512 2 512 1 4
1 Shared: 1024 2 512 2 1024 1 4
1 Shared: 1024 2 512 4 512 1 4
1 Shared: 1024 2 512 4 1024 1 4
1 Shared: 1024 4 256 1 512 1 5
1 Shared: 1024 4 256 1 1024 1 5
1 Shared: 1024 4 256 2 512 1 5
1 Shared: 1024 4 256 2 1024 1 5
1 Shared: 1024 4 256 4 512 1 5
1 Shared: 1024 4 256 4 1024 1 5
1 Shared: 1024 2 512 1 512 1 5
1 Shared: 1024 2 512 1 1024 1 5
1 Shared: 1024 2 512 2 512 1 5
1 Shared: 1024 2 512 2 1024 1 5
1 Shared: 1024 2 512 4 512 1 5
1 Shared: 1024 2 512 4 1024 1 5
1 Shared: 1024 4 256 1 512 1 6
1 Shared: 1024 4 256 1 1024 1 6
1 Shared: 1024 4 256 2 512 1 6
1 Shared: 1024 4 256 2 1024 1 6
1 Shared: 1024 4 256 4 512 1 6
1 Shared: 1024 4 256 4 1024 1 6
1 Shared: 1024 2 512 1 512 1 6
1 Shared: 1024 2 512 1 1024 1 6
1 Shared: 1024 2 512 2 512 1 6
1 Shared: 1024 2 512 2 1024 1 6
1 Shared: 1024 2 512 4 512 1 6
1 Shared: 1024 2 512 4 1024 1 6
1 Shared: 1024 4 256 1 512 2 0
1 Shared: 1024 4 256 1 1024 2 0
1 Shared: 1024 4 256 2 512 2 0
1 Shared: 1024 4 256 2 1024 2 0
1 Shared: 1024 4 256 4 512 2 0
1 Shared: 1024 4 256 4 1024 2 0
1 Shared: 1024 2 512 1 512 2 0
1 Shared: 1024 2 512 1 1024 2 0
1 Shared: 1024 2 512 2 512 2 0
1 Shared: 1024 2 512 2 1024 2 0
1 Shared: 1024 2 512 4 512 2 0
1 Shared: 1024 2 512 4 1024 2 0
1 Shared: 1024 4 256 1 512 2 1 1
1 Shared: 1024 1 512 2 1 2
1 Shared: 1024 1 512 2 1 4
1 Shared: 1024 4 256 1 1024 2 1 1
1 Shared: 1024 1 1024 2 1 2
1 Shared: 1024 1 1024 2 1 4
1 Shared: 1024 4 256 2 512 2 1 1
1 Shared: 1024 2 512 2 1 2
1 Shared: 1024 2 512 2 1 4
1 Shared: 1024 4 256 2 1024 2 1 1
1 Shared: 1024 2 1024 2 1 2
1 Shared: 1024 2 1024 2 1 4
1 Shared: 1024 4 256 4 512 2 1 1
1 Shared: 1024 4 512 2 1 2
1 Shared: 1024 4 512 2 1 4
1 Shared: 1024 4 256 4 1024 2 1 1
1 Shared: 1024 4 1024 2 1 2
1 Shared: 1024 4 1024 2 1 4
1 Shared: 1024 2 512 1 512 2 1 1
1 Shared: 1024 1 512 2 1 2
1 Shared: 1024 1 512 2 1 4
1 Shared: 1024 2 512 1 1024 2 1 1
1 Shared: 1024 1 1024 2 1 2
1 Shared: 1024 1 1024 2 1 4
1 Shared: 1024 2 512 2 512 2 1 1
1 Shared: 1024 2 512 2 1 2
1 Shared: 1024 2 512 2 1 4
1 Shared: 1024 2 512 2 1024 2 1 1
1 Shared: 1024 2 1024 2 1 2
1 Shared: 1024 2 1024 2 1 4
1 Shared: 1024 2 512 4 512 2 1 1
1 Shared: 1024 4 512 2 1 2
1 Shared: 1024 4 512 2 1 4
1 Shared: 1024 2 512 4 1024 2 1 1
1 Shared: 1024 4 1024 2 1 2
1 Shared: 1024 4 1024 2 1 4
1 Shared: 1024 4 256 1 512 2 2
1 Shared: 1024 4 256 1 1024 2 2
1 Shared: 1024 4 256 2 512 2 2
1 Shared: 1024 4 256 2 1024 2 2
1 Shared: 1024 4 256 4 512 2 2
1 Shared: 1024 4 256 4 1024 2 2
1 Shared: 1024 2 512 1 512 2 2
1 Shared: 1024 2 512 1 1024 2 2
1 Shared: 1024 2 512 2 512 2 2
1 Shared: 1024 2 512 2 1024 2 2
1 Shared: 1024 2 512 4 512 2 2
1 Shared: 1024 2 512 4 1024 2 2
1 Shared: 1024 4 256 1 512 2 3
1 Shared: 1024 4 256 1 1024 2 3
1 Shared: 1024 4 256 2 512 2 3
1 Shared: 1024 4 256 2 1024 2 3
1 Shared: 1024 4 256 4 512 2 3
1 Shared: 1024 4 256 4 1024 2 3
1 Shared: 1024 2 512 1 512 2 3
1 Shared: 1024 2 512 1 1024 2 3
1 Shared: 1024 2 512 2 512 2 3
1 Shared: 1024 2 512 2 1024 2 3
1 Shared: 1024 2 512 4 512 2 3
1 Shared: 1024 2 512 4 1024 2 3
1 Shared: 1024 4 256 1 512 2 4
1 Shared: 1024 4 256 1 1024 2 4
1 Shared: 1024 4 256 2 512 2 4
1 Shared: 1024 4 256 2 1024 2 4
1 Shared: 1024 4 256 4 512 2 4
1 Shared: 1024 4 256 4 1024 2 4
1 Shared: 1024 2 512 1 512 2 4
1 Shared: 1024 2 512 1 1024 2 4
1 Shared: 1024 2 512 2 512 2 4
1 Shared: 1024 2 512 2 1024 2 4
1 Shared: 1024 2 512 4 512 2 4
1 Shared: 1024 2 512 4 1024 2 4
1 Shared: 1024 4 256 1 512 2 5
1 Shared: 1024 4 256 1 1024 2 5
1 Shared: 1024 4 256 2 512 2 5
1 Shared: 1024 4 256 2 1024 2 5
1 Shared: 1024 4 256 4 512 2 5
1 Shared: 1024 4 256 4 1024 2 5
1 Shared: 1024 2 512 1 512 2 5
1 Shared: 1024 2 512 1 1024 2 5
1 Shared: 1024 2 512 2 512 2 5
1 Shared: 1024 2 512 2 1024 2 5
1 Shared: 1024 2 512 4 512 2 5
1 Shared: 1024 2 512 4 1024 2 5
1 Shared: 1024 4 256 1 512 2 6
1 Shared: 1024 4 256 1 1024 2 6
1 Shared: 1024 4 256 2 512 2 6
1 Shared: 1024 4 256 2 1024 2 6
1 Shared: 1024 4 256 4 512 2 6
1 Shared: 1024 4 256 4 1024 2 6
1 Shared: 1024 2 512 1 512 2 6
1 Shared: 1024 2 512 1 1024 2 6
1 Shared: 1024 2 512 2 512 2 6
1 Shared: 1024 2 512 2 1024 2 6
1 Shared: 1024 2 512 4 512 2 6
1 Shared: 1024 2 512 4 1024 2 6
1 Shared: 1024 4 256 1 512 3 0
1 Shared: 1024 4 256 1 1024 3 0
1 Shared: 1024 4 256 2 512 3 0
1 Shared: 1024 4 256 2 1024 3 0
1 Shared: 1024 4 256 4 512 3 0
1 Shared: 1024 4 256 4 1024 3 0
1 Shared: 1024 2 512 1 512 3 0
1 Shared: 1024 2 512 1 1024 3 0
1 Shared: 1024 2 512 2 512 3 0
1 Shared: 1024 2 512 2 1024 3 0
1 Shared: 1024 2 512 4 512 3 0
1 Shared: 1024 2 512 4 1024 3 0
1 Shared: 1024 4 256 1 512 3 1 1
1 Shared: 1024 1 512 3 1 2
1 Shared: 1024 1 512 3 1 4
1 Shared: 1024 4 256 1 1024 3 1 1
1 Shared: 1024 1 1024 3 1 2
1 Shared: 1024 1 1024 3 1 4
1 Shared: 1024 4 256 2 512 3 1 1
1 Shared: 1024 2 512 3 1 2
1 Shared: 1024 2 512 3 1 4
1 Shared: 1024 4 256 2 1024 3 1 1
1 Shared: 1024 2 1024 3 1 2
1 Shared: 1024 2 1024 3 1 4
1 Shared: 1024 4 256 4 512 3 1 1
1 Shared: 1024 4 512 3 1 2
1 Shared: 1024 4 512 3 1 4
1 Shared: 1024 4 256 4 1024 3 1 1
1 Shared: 1024 4 1024 3 1 2
1 Shared: 1024 4 1024 3 1 4
1 Shared: 1024 2 512 1 512 3 1 1
1 Shared: 1024 1 512 3 1 2
1 Shared: 1024 1 512 3 1 4
1 Shared: 1024 2 512 1 1024 3 1 1
1 Shared: 1024 1 1024 3 1 2
1 Shared: 1024 1 1024 3 1 4
1 Shared: 1024 2 512 2 512 3 1 1
1 Shared: 1024 2 512 3 1 2
1 Shared: 1024 2 512 3 1 4
1 Shared: 1024 2 512 2 1024 3 1 1
1 Shared: 1024 2 1024 3 1 2
1 Shared: 1024 2 1024 3 1 4
1 Shared: 1024 2 512 4 512 3 1 1
1 Shared: 1024 4 512 3 1 2
1 Shared: 1024 4 512 3 1 4
1 Shared: 1024 2 512 4 1024 3 1 1
1 Shared: 1024 4 1024 3 1 2
1 Shared: 1024 4 1024 3 1 4
1 Shared: 1024 4 256 1 512 3 2
1 Shared: 1024 4 256 1 1024 3 2
1 Shared: 1024 4 256 2 512 3 2
1 Shared: 1024 4 256 2 1024 3 2
1 Shared: 1024 4 256 4 512 3 2
1 Shared: 1024 4 256 4 1024 3 2
1 Shared: 1024 2 512 1 512 3 2
1 Shared: 1024 2 512 1 1024 3 2
1 Shared: 1024 2 512 2 512 3 2
1 Shared: 1024 2 512 2 1024 3 2
1 Shared: 1024 2 512 4 512 3 2
1 Shared: 1024 2 512 4 1024 3 2
1 Shared: 1024 4 256 1 512 3 3
1 Shared: 1024 4 256 1 1024 3 3
1 Shared: 1024 4 256 2 512 3 3
1 Shared: 1024 4 256 2 1024 3 3
1 Shared: 1024 4 256 4 512 3 3
1 Shared: 1024 4 256 4 1024 3 3
1 Shared: 1024 2 512 1 512 3 3
1 Shared: 1024 2 512 1 1024 3 3
1 Shared: 1024 2 512 2 512 3 3
1 Shared: 1024 2 512 2 1024 3 3
1 Shared: 1024 2 512 4 512 3 3
1 Shared: 1024 2 512 4 1024 3 3
1 Shared: 1024 4 256 1 512 3 4
1 Shared: 1024 4 256 1 1024 3 4
1 Shared: 1024 4 256 2 512 3 4
1 Shared: 1024 4 256 2 1024 3 4
1 Shared: 1024 4 256 4 512 3 4
1 Shared: 1024 4 256 4 1024 3 4
1 Shared: 1024 2 512 1 512 3 4
1 Shared: 1024 2 512 1 1024 3 4
1 Shared: 1024 2 512 2 512 3 4
1 Shared: 1024 2 512 2 1024 3 4
1 Shared: 1024 2 512 4 512 3 4
1 Shared: 1024 2 512 4 1024 3 4
1 Shared: 1024 4 256 1 512 3 5
1 Shared: 1024 4 256 1 1024 3 5
1 Shared: 1024 4 256 2 512 3 5
1 Shared: 1024 4 256 2 1024 3 5
1 Shared: 1024 4 256 4 512 3 5
1 Shared: 1024 4 256 4 1024 3 5
1 Shared: 1024 2 512 1 512 3 5
1 Shared: 1024 2 512 1 1024 3 5
1 Shared: 1024 2 512 2 512 3 5
1 Shared: 1024 2 512 2 1024 3 5
1 Shared: 1024 2 512 4 512 3 5
1 Shared: 1024 2 512 4 1024 3 5
1 Shared: 1024 4 256 1 512 3 6
1 Shared: 1024 4 256 1 1024 3 6
1 Shared: 1024 4 256 2 512 3 6
1 Shared: 1024 4 256 2 1024 3 6
1 Shared: 1024 4 256 4 512 3 6
1 Shared: 1024 4 256 4 1024 3 6
1 Shared: 1024 2 512 1 512 3 6
1 Shared: 1024 2 512 1 1024 3 6
1 Shared: 1024 2 512 2 512 3 6
1 Shared: 1024 2 512 2 1024 3 6
1 Shared: 1024 2 512 4 512 3 6
1 Shared: 1024 2 512 4 1024 3 6
1 Shared: 1024 4 256 1 512 4 0
1 Shared: 1024 4 256 1 1024 4 0
1 Shared: 1024 4 256 2 512 4 0
1 Shared: 1024 4 256 2 1024 4 0
1 Shared: 1024 4 256 4 512 4 0
1 Shared: 1024 4 256 4 1024 4 0
1 Shared: 1024 2 512 1 512 4 0
1 Shared: 1024 2 512 1 1024 4 0
1 Shared: 1024 2 512 2 512 4 0
1 Shared: 1024 2 512 2 1024 4 0
1 Shared: 1024 2 512 4 512 4 0
1 Shared: 1024 2 512 4 1024 4 0
1 Shared: 1024 4 256 1 512 4 1 1
1 Shared: 1024 1 512 4 1 2
1 Shared: 1024 1 512 4 1 4
1 Shared: 1024 4 256 1 1024 4 1 1
1 Shared: 1024 1 1024 4 1 2
1 Shared: 1024 1 1024 4 1 4
1 Shared: 1024 4 256 2 512 4 1 1
1 Shared: 1024 2 512 4 1 2
1 Shared: 1024 2 512 4 1 4
1 Shared: 1024 4 256 2 1024 4 1 1
1 Shared: 1024 2 1024 4 1 2
1 Shared: 1024 2 1024 4 1 4
1 Shared: 1024 4 256 4 512 4 1 1
1 Shared: 1024 4 512 4 1 2
1 Shared: 1024 4 512 4 1 4
1 Shared: 1024 4 256 4 1024 4 1 1
1 Shared: 1024 4 1024 4 1 2
1 Shared: 1024 4 1024 4 1 4
1 Shared: 1024 2 512 1 512 4 1 1
1 Shared: 1024 1 512 4 1 2
1 Shared: 1024 1 512 4 1 4
1 Shared: 1024 2 512 1 1024 4 1 1
1 Shared: 1024 1 1024 4 1 2
1 Shared: 1024 1 1024 4 1 4
1 Shared: 1024 2 512 2 512 4 1 1
1 Shared: 1024 2 512 4 1 2
1 Shared: 1024 2 512 4 1 4
1 Shared: 1024 2 512 2 1024 4 1 1
1 Shared: 1024 2 1024 4 1 2
1 Shared: 1024 2 1024 4 1 4
1 Shared: 1024 2 512 4 512 4 1 1
1 Shared: 1024 4 512 4 1 2
1 Shared: 1024 4 512 4 1 4
1 Shared: 1024 2 512 4 1024 4 1 1
1 Shared: 1024 4 1024 4 1 2
1 Shared: 1024 4 1024 4 1 4
1 Shared: 1024 4 256 1 512 4 2
1 Shared: 1024 4 256 1 1024 4 2
1 Shared: 1024 4 256 2 512 4 2
1 Shared: 1024 4 256 2 1024 4 2
1 Shared: 1024 4 256 4 512 4 2
1 Shared: 1024 4 256 4 1024 4 2
1 Shared: 1024 2 512 1 512 4 2
1 Shared: 1024 2 512 1 1024 4 2
1 Shared: 1024 2 512 2 512 4 2
1 Shared: 1024 2 512 2 1024 4 2
1 Shared: 1024 2 512 4 512 4 2
1 Shared: 1024 2 512 4 1024 4 2
1 Shared: 1024 4 256 1 512 4 3
1 Shared: 1024 4 256 1 1024 4 3
1 Shared: 1024 4 256 2 512 4 3
1 Shared: 1024 4 256 2 1024 4 3
1 Shared: 1024 4 256 4 512 4 3
1 Shared: 1024 4 256 4 1024 4 3
1 Shared: 1024 2 512 1 512 4 3
1 Shared: 1024 2 512 1 1024 4 3
1 Shared: 1024 2 512 2 512 4 3
1 Shared: 1024 2 512 2 1024 4 3
1 Shared: 1024 2 512 4 512 4 3
1 Shared: 1024 2 512 4 1024 4 3
1 Shared: 1024 4 256 1 512 4 4
1 Shared: 1024 4 256 1 1024 4 4
1 Shared: 1024 4 256 2 512 4 4
1 Shared: 1024 4 256 2 1024 4 4
1 Shared: 1024 4 256 4 512 4 4
1 Shared: 1024 4 256 4 1024 4 4
1 Shared: 1024 2 512 1 512 4 4
1 Shared: 1024 2 512 1 1024 4 4
1 Shared: 1024 2 512 2 512 4 4
1 Shared: 1024 2 512 2 1024 4 4
1 Shared: 1024 2 512 4 512 4 4
1 Shared: 1024 2 512 4 1024 4 4
1 Shared: 1024 4 256 1 512 4 5
1 Shared: 1024 4 256 1 1024 4 5
1 Shared: 1024 4 256 2 512 4 5
1 Shared: 1024 4 256 2 1024 4 5
1 Shared: 1024 4 256 4 512 4 5
1 Shared: 1024 4 256 4 1024 4 5
1 Shared: 1024 2 512 1 512 4 5
1 Shared: 1024 2 512 1 1024 4 5
1 Shared: 1024 2 512 2 512 4 5
1 Shared: 1024 2 512 2 1024 4 5
1 Shared: 1024 2 512 4 512 4 5
1 Shared: 1024 2 512 4 1024 4 5
1 Shared: 1024 4 256 1 512 4 6
1 Shared: 1024 4 256 1 1024 4 6
1 Shared: 1024 4 256 2 512 4 6
1 Shared: 1024 4 256 2 1024 4 6
1 Shared: 1024 4 256 4 512 4 6
1 Shared: 1024 4 256 4 1024 4 6
1 Shared: 1024 2 512 1 512 4 6
1 Shared: 1024 2 512 1 1024 4 6
1 Shared: 1024 2 512 2 512 4 6
1 Shared: 1024 2 512 2 1024 4 6
1 Shared: 1024 2 512 4 512 4 6
1 Shared: 1024 2 512 4 1024 4 6
1 Shared: 1024 4 256 1 512 5 0
1 Shared: 1024 4 256 1 1024 5 0
1 Shared: 1024 4 256 2 512 5 0
1 Shared: 1024 4 256 2 1024 5 0
1 Shared: 1024 4 256 4 512 5 0
1 Shared: 1024 4 256 4 1024 5 0
1 Shared: 1024 2 512 1 512 5 0
1 Shared: 1024 2 512 1 1024 5 0
1 Shared: 1024 2 512 2 512 5 0
1 Shared: 1024 2 512 2 1024 5 0
1 Shared: 1024 2 512 4 512 5 0
1 Shared: 1024 2 512 4 1024 5 0
1 Shared: 1024 4 256 1 512 5 1 1
1 Shared: 1024 1 512 5 1 2
1 Shared: 1024 1 512 5 1 4
1 Shared: 1024 4 256 1 1024 5 1 1
1 Shared: 1024 1 1024 5 1 2
1 Shared: 1024 1 1024 5 1 4
1 Shared: 1024 4 256 2 512 5 1 1
1 Shared: 1024 2 512 5 1 2
1 Shared: 1024 2 512 5 1 4
1 Shared: 1024 4 256 2 1024 5 1 1
1 Shared: 1024 2 1024 5 1 2
1 Shared: 1024 2 1024 5 1 4
1 Shared: 1024 4 256 4 512 5 1 1
1 Shared: 1024 4 512 5 1 2
1 Shared: 1024 4 512 5 1 4
1 Shared: 1024 4 256 4 1024 5 1 1
1 Shared: 1024 4 1024 5 1 2
1 Shared: 1024 4 1024 5 1 4
1 Shared: 1024 2 512 1 512 5 1 1
1 Shared: 1024 1 512 5 1 2
1 Shared: 1024 1 512 5 1 4
1 Shared: 1024 2 512 1 1024 5 1 1
1 Shared: 1024 1 1024 5 1 2
1 Shared: 1024 1 1024 5 1 4
1 Shared: 1024 2 512 2 512 5 1 1
1 Shared: 1024 2 512 5 1 2
1 Shared: 1024 2 512 5 1 4
1 Shared: 1024 2 512 2 1024 5 1 1
1 Shared: 1024 2 1024 5 1 2
1 Shared: 1024 2 1024 5 1 4
1 Shared: 1024 2 512 4 512 5 1 1
1 Shared: 1024 4 512 5 1 2
1 Shared: 1024 4 512 5 1 4
1 Shared: 1024 2 512 4 1024 5 1 1
1 Shared: 1024 4 1024 5 1 2
1 Shared: 1024 4 1024 5 1 4
1 Shared: 1024 4 256 1 512 5 2
1 Shared: 1024 4 256 1 1024 5 2
1 Shared: 1024 4 256 2 512 5 2
1 Shared: 1024 4 256 2 1024 5 2
1 Shared: 1024 4 256 4 512 5 2
1 Shared: 1024 4 256 4 1024 5 2
1 Shared: 1024 2 512 1 512 5 2
1 Shared: 1024 2 512 1 1024 5 2
1 Shared: 1024 2 512 2 512 5 2
1 Shared: 1024 2 512 2 1024 5 2
1 Shared: 1024 2 512 4 512 5 2
1 Shared: 1024 2 512 4 1024 5 2
1 Shared: 1024 4 256 1 512 5 3
1 Shared: 1024 4 256 1 1024 5 3
1 Shared: 1024 4 256 2 512 5 3
1 Shared: 1024 4 256 2 1024 5 3
1 Shared: 1024 4 256 4 512 5 3
1 Shared: 1024 4 256 4 1024 5 3
1 Shared: 1024 2 512 1 512 5 3
1 Shared: 1024 2 512 1 1024 5 3
1 Shared: 1024 2 512 2 512 5 3
1 Shared: 1024 2 512 2 1024 5 3
1 Shared: 1024 2 512 4 512 5 3
1 Shared: 1024 2 512 4 1024 5 3
1 Shared: 1024 4 256 1 512 5 4
1 Shared: 1024 4 256 1 1024 5 4
1 Shared: 1024 4 256 2 512 5 4
1 Shared: 1024 4 256 2 1024 5 4
1 Shared: 1024 4 256 4 512 5 4
1 Shared: 1024 4 256 4 1024 5 4
1 Shared: 1024 2 512 1 512 5 4
1 Shared: 1024 2 512 1 1024 5 4
1 Shared: 1024 2 512 2 512 5 4
1 Shared: 1024 2 512 2 1024 5 4
1 Shared: 1024 2 512 4 512 5 4
1 Shared: 1024 2 512 4 1024 5 4
1 Shared: 1024 4 256 1 512 5 5
1 Shared: 1024 4 256 1 1024 5 5
1 Shared: 1024 4 256 2 512 5 5
1 Shared: 1024 4 256 2 1024 5 5
1 Shared: 1024 4 256 4 512 5 5
1 Shared: 1024 4 256 4 1024 5 5
1 Shared: 1024 2 512 1 512 5 5
1 Shared: 1024 2 512 1 1024 5 5
1 Shared: 1024 2 512 2 512 5 5
1 Shared: 1024 2 512 2 1024 5 5
1 Shared: 1024 2 512 4 512 5 5
1 Shared: 1024 2 512 4 1024 5 5
1 Shared: 1024 4 256 1 512 5 6
1 Shared: 1024 4 256 1 1024 5 6
1 Shared: 1024 4 256 2 512 5 6
1 Shared: 1024 4 256 2 1024 5 6
1 Shared: 1024 4 256 4 512 5 6
1 Shared: 1024 4 256 4 1024 5 6
1 Shared: 1024 2 512 1 512 5 6
1 Shared: 1024 2 512 1 1024 5 6
1 Shared: 1024 2 512 2 512 5 6
1 Shared: 1024 2 512 2 1024 5 6
1 Shared: 1024 2 512 4 512 5 6
1 Shared: 1024 2 512 4 1024 5 6
1 Shared: 4096 16 256 1 512 0 0
1 Shared: 4096 16 256 1 1024 0 0
1 Shared: 4096 16 256 2 512 0 0
1 Shared: 4096 16 256 2 1024 0 0
1 Shared: 4096 16 256 4 512 0 0
1 Shared: 4096 16 256 4 1024 0 0
1 Shared: 4096 8 512 1 512 0 0
1 Shared: 4096 8 512 1 1024 0 0
1 Shared: 4096 8 512 2 512 0 0
1 Shared: 4096 8 512 2 1024 0 0
1 Shared: 4096 8 512 4 512 0 0
1 Shared: 4096 8 512 4 1024 0 0
1 Shared: 4096 16 256 1 512 0 1 1
1 Shared: 4096 1 512 0 1 2
1 Shared: 4096 1 512 0 1 4
1 Shared: 4096 16 256 1 1024 0 1 1
1 Shared: 4096 1 1024 0 1 2
1 Shared: 4096 1 1024 0 1 4
1 Shared: 4096 16 256 2 512 0 1 1
1 Shared: 4096 2 512 0 1 2
1 Shared: 4096 2 512 0 1 4
1 Shared: 4096 16 256 2 1024 0 1 1
1 Shared: 4096 2 1024 0 1 2
1 Shared: 4096 2 1024 0 1 4
1 Shared: 4096 16 256 4 512 0 1 1
1 Shared: 4096 4 512 0 1 2
1 Shared: 4096 4 512 0 1 4
1 Shared: 4096 16 256 4 1024 0 1 1
1 Shared: 4096 4 1024 0 1 2
1 Shared: 4096 4 1024 0 1 4
1 Shared: 4096 8 512 1 512 0 1 1
1 Shared: 4096 1 512 0 1 2
1 Shared: 4096 1 512 0 1 4
1 Shared: 4096 8 512 1 1024 0 1 1
1 Shared: 4096 1 1024 0 1 2
1 Shared: 4096 1 1024 0 1 4
1 Shared: 4096 8 512 2 512 0 1 1
1 Shared: 4096 2 512 0 1 2
1 Shared: 4096 2 512 0 1 4
1 Shared: 4096 8 512 2 1024 0 1 1
1 Shared: 4096 2 1024 0 1 2
1 Shared: 4096 2 1024 0 1 4
1 Shared: 4096 8 512 4 512 0 1 1
1 Shared: 4096 4 512 0 1 2
1 Shared: 4096 4 512 0 1 4
1 Shared: 4096 8 512 4 1024 0 1 1
1 Shared: 4096 4 1024 0 1 2
1 Shared: 4096 4 1024 0 1 4
1 Shared: 4096 16 256 1 512 0 2
1 Shared: 4096 16 256 1 1024 0 2
1 Shared: 4096 16 256 2 512 0 2
1 Shared: 4096 16 256 2 1024 0 2
1 Shared: 4096 16 256 4 512 0 2
1 Shared: 4096 16 256 4 1024 0 2
1 Shared: 4096 8 512 1 512 0 2
1 Shared: 4096 8 512 1 1024 0 2
1 Shared: 4096 8 512 2 512 0 2
1 Shared: 4096 8 512 2 1024 0 2
1 Shared: 4096 8 512 4 512 0 2
1 Shared: 4096 8 512 4 1024 0 2
1 Shared: 4096 16 256 1 512 0 3
1 Shared: 4096 16 256 1 1024 0 3
1 Shared: 4096 16 256 2 512 0 3
1 Shared: 4096 16 256 2 1024 0 3
1 Shared: 4096 16 256 4 512 0 3
1 Shared: 4096 16 256 4 1024 0 3
1 Shared: 4096 8 512 1 512 0 3
1 Shared: 4096 8 512 1 1024 0 3
1 Shared: 4096 8 512 2 512 0 3
1 Shared: 4096 8 512 2 1024 0 3
1 Shared: 4096 8 512 4 512 0 3
1 Shared: 4096 8 512 4 1024 0 3
1 Shared: 4096 16 256 1 512 0 4
1 Shared: 4096 16 256 1 1024 0 4
1 Shared: 4096 16 256 2 512 0 4
1 Shared: 4096 16 256 2 1024 0 4
1 Shared: 4096 16 256 4 512 0 4
1 Shared: 4096 16 256 4 1024 0 4
1 Shared: 4096 8 512 1 512 0 4
1 Shared: 4096 8 512 1 1024 0 4
1 Shared: 4096 8 512 2 512 0 4
1 Shared: 4096 8 512 2 1024 0 4
1 Shared: 4096 8 512 4 512 0 4
1 Shared: 4096 8 512 4 1024 0 4
1 Shared: 4096 16 256 1 512 0 5
1 Shared: 4096 16 256 1 1024 0 5
1 Shared: 4096 16 256 2 512 0 5
1 Shared: 4096 16 256 2 1024 0 5
1 Shared: 4096 16 256 4 512 0 5
1 Shared: 4096 16 256 4 1024 0 5
1 Shared: 4096 8 512 1 512 0 5
1 Shared: 4096 8 512 1 1024 0 5
1 Shared: 4096 8 512 2 512 0 5
1 Shared: 4096 8 512 2 1024 0 5
1 Shared: 4096 8 512 4 512 0 5
1 Shared: 4096 8 512 4 1024 0 5
1 Shared: 4096 16 256 1 512 0 6
1 Shared: 4096 16 256 1 1024 0 6
1 Shared: 4096 16 256 2 512 0 6
1 Shared: 4096 16 256 2 1024 0 6
1 Shared: 4096 16 256 4 512 0 6
1 Shared: 4096 16 256 4 1024 0 6
1 Shared: 4096 8 512 1 512 0 6
1 Shared: 4096 8 512 1 1024 0 6
1 Shared: 4096 8 512 2 512 0 6
1 Shared: 4096 8 512 2 1024 0 6
1 Shared: 4096 8 512 4 512 0 6
1 Shared: 4096 8 512 4 1024 0 6
1 Shared: 4096 16 256 1 512 1 0
1 Shared: 4096 16 256 1 1024 1 0
1 Shared: 4096 16 256 2 512 1 0
1 Shared: 4096 16 256 2 1024 1 0
1 Shared: 4096 16 256 4 512 1 0
1 Shared: 4096 16 256 4 1024 1 0
1 Shared: 4096 8 512 1 512 1 0
1 Shared: 4096 8 512 1 1024 1 0
1 Shared: 4096 8 512 2 512 1 0
1 Shared: 4096 8 512 2 1024 1 0
1 Shared: 4096 8 512 4 512 1 0
1 Shared: 4096 8 512 4 1024 1 0
1 Shared: 4096 16 256 1 512 1 1 1
1 Shared: 4096 1 512 1 1 2
1 Shared: 4096 1 512 1 1 4
1 Shared: 4096 16 256 1 1024 1 1 1
1 Shared: 4096 1 1024 1 1 2
1 Shared: 4096 1 1024 1 1 4
1 Shared: 4096 16 256 2 512 1 1 1
1 Shared: 4096 2 512 1 1 2
1 Shared: 4096 2 512 1 1 4
1 Shared: 4096 16 256 2 1024 1 1 1
1 Shared: 4096 2 1024 1 1 2
1 Shared: 4096 2 1024 1 1 4
1 Shared: 4096 16 256 4 512 1 1 1
1 Shared: 4096 4 512 1 1 2
1 Shared: 4096 4 512 1 1 4
1 Shared: 4096 16 256 4 1024 1 1 1
1 Shared: 4096 4 1024 1 1 2
1 Shared: 4096 4 1024 1 1 4
1 Shared: 4096 8 512 1 512 1 1 1
1 Shared: 4096 1 512 1 1 2
1 Shared: 4096 1 512 1 1 4
1 Shared: 4096 8 512 1 1024 1 1 1
1 Shared: 4096 1 1024 1 1 2
1 Shared: 4096 1 1024 1 1 4
1 Shared: 4096 8 512 2 512 1 1 1
1 Shared: 4096 2 512 1 1 2
1 Shared: 4096 2 512 1 1 4
1 Shared: 4096 8 512 2 1024 1 1 1
1 Shared: 4096 2 1024 1 1 2
1 Shared: 4096 2 1024 1 1 4
1 Shared: 4096 8 512 4 512 1 1 1
1 Shared: 4096 4 512 1 1 2
1 Shared: 4096 4 512 1 1 4
1 Shared: 4096 8 512 4 1024 1 1 1
1 Shared: 4096 4 1024 1 1 2
1 Shared: 4096 4 1024 1 1 4
1 Shared: 4096 16 256 1 512 1 2
1 Shared: 4096 16 256 1 1024 1 2
1 Shared: 4096 16 256 2 512 1 2
1 Shared: 4096 16 256 2 1024 1 2
1 Shared: 4096 16 256 4 512 1 2
1 Shared: 4096 16 256 4 1024 1 2
1 Shared: 4096 8 512 1 512 1 2
1 Shared: 4096 8 512 1 1024 1 2
1 Shared: 4096 8 512 2 512 1 2
1 Shared: 4096 8 512 2 1024 1 2
1 Shared: 4096 8 512 4 512 1 2
1 Shared: 4096 8 512 4 1024 1 2
1 Shared: 4096 16 256 1 512 1 3
1 Shared: 4096 16 256 1 1024 1 3
1 Shared: 4096 16 256 2 512 1 3
1 Shared: 4096 16 256 2 1024 1 3
1 Shared: 4096 16 256 4 512 1 3
1 Shared: 4096 16 256 4 1024 1 3
1 Shared: 4096 8 512 1 512 1 3
1 Shared: 4096 8 512 1 1024 1 3
1 Shared: 4096 8 512 2 512 1 3
1 Shared: 4096 8 512 2 1024 1 3
1 Shared: 4096 8 512 4 512 1 3
1 Shared: 4096 8 512 4 1024 1 3
1 Shared: 4096 16 256 1 512 1 4
1 Shared: 4096 16 256 1 1024 1 4
1 Shared: 4096 16 256 2 512 1 4
1 Shared: 4096 16 256 2 1024 1 4
1 Shared: 4096 16 256 4 512 1 4
1 Shared: 4096 16 256 4 1024 1 4
1 Shared: 4096 8 512 1 512 1 4
1 Shared: 4096 8 512 1 1024 1 4
1 Shared: 4096 8 512 2 512 1 4
1 Shared: 4096 8 512 2 1024 1 4
1 Shared: 4096 8 512 4 512 1 4
1 Shared: 4096 8 512 4 1024 1 4
1 Shared: 4096 16 256 1 512 1 5
1 Shared: 4096 16 256 1 1024 1 5
1 Shared: 4096 16 256 2 512 1 5
1 Shared: 4096 16 256 2 1024 1 5
1 Shared: 4096 16 256 4 512 1 5
1 Shared: 4096 16 256 4 1024 1 5
1 Shared: 4096 8 512 1 512 1 5
1 Shared: 4096 8 512 1 1024 1 5
1 Shared: 4096 8 512 2 512 1 5
1 Shared: 4096 8 512 2 1024 1 5
1 Shared: 4096 8 512 4 512 1 5
1 Shared: 4096 8 512 4 1024 1 5
1 Shared: 4096 16 256 1 512 1 6
1 Shared: 4096 16 256 1 1024 1 6
1 Shared: 4096 16 256 2 512 1 6
1 Shared: 4096 16 256 2 1024 1 6
1 Shared: 4096 16 256 4 512 1 6
1 Shared: 4096 16 256 4 1024 1 6
1 Shared: 4096 8 512 1 512 1 6
1 Shared: 4096 8 512 1 1024 1 6
1 Shared: 4096 8 512 2 512 1 6
1 Shared: 4096 8 512 2 1024 1 6
1 Shared: 4096 8 512 4 512 1 6
1 Shared: 4096 8 512 4 1024 1 6
1 Shared: 4096 16 256 1 512 2 0
1 Shared: 4096 16 256 1 1024 2 0
1 Shared: 4096 16 256 2 512 2 0
1 Shared: 4096 16 256 2 1024 2 0
1 Shared: 4096 16 256 4 512 2 0
1 Shared: 4096 16 256 4 1024 2 0
1 Shared: 4096 8 512 1 512 2 0
1 Shared: 4096 8 512 1 1024 2 0
1 Shared: 4096 8 512 2 512 2 0
1 Shared: 4096 8 512 2 1024 2 0
1 Shared: 4096 8 512 4 512 2 0
1 Shared: 4096 8 512 4 1024 2 0
1 Shared: 4096 16 256 1 512 2 1 1
1 Shared: 4096 1 512 2 1 2
1 Shared: 4096 1 512 2 1 4
1 Shared: 4096 16 256 1 1024 2 1 1
1 Shared: 4096 1 1024 2 1 2
1 Shared: 4096 1 1024 2 1 4
1 Shared: 4096 16 256 2 512 2 1 1
1 Shared: 4096 2 512 2 1 2
1 Shared: 4096 2 512 2 1 4
1 Shared: 4096 16 256 2 1024 2 1 1
1 Shared: 4096 2 1024 2 1 2
1 Shared: 4096 2 1024 2 1 4
1 Shared: 4096 16 256 4 512 2 1 1
1 Shared: 4096 4 512 2 1 2
1 Shared: 4096 4 512 2 1 4
1 Shared: 4096 16 256 4 1024 2 1 1
1 Shared: 4096 4 1024 2 1 2
1 Shared: 4096 4 1024 2 1 4
1 Shared: 4096 8 512 1 512 2 1 1
1 Shared: 4096 1 512 2 1 2
1 Shared: 4096 1 512 2 1 4
1 Shared: 4096 8 512 1 1024 2 1 1
1 Shared: 4096 1 1024 2 1 2
1 Shared: 4096 1 1024 2 1 4
1 Shared: 4096 8 512 2 512 2 1 1
1 Shared: 4096 2 512 2 1 2
1 Shared: 4096 2 512 2 1 4
1 Shared: 4096 8 512 2 1024 2 1 1
1 Shared: 4096 2 1024 2 1 2
1 Shared: 4096 2 1024 2 1 4
1 Shared: 4096 8 512 4 512 2 1 1
1 Shared: 4096 4 512 2 1 2
1 Shared: 4096 4 512 2 1 4
1 Shared: 4096 8 512 4 1024 2 1 1
1 Shared: 4096 4 1024 2 1 2
1 Shared: 4096 4 1024 2 1 4
1 Shared: 4096 16 256 1 512 2 2
1 Shared: 4096 16 256 1 1024 2 2
1 Shared: 4096 16 256 2 512 2 2
1 Shared: 4096 16 256 2 1024 2 2
1 Shared: 4096 16 256 4 512 2 2
1 Shared: 4096 16 256 4 1024 2 2
1 Shared: 4096 8 512 1 512 2 2
1 Shared: 4096 8 512 1 1024 2 2
1 Shared: 4096 8 512 2 512 2 2
1 Shared: 4096 8 512 2 1024 2 2
1 Shared: 4096 8 512 4 512 2 2
1 Shared: 4096 8 512 4 1024 2 2
1 Shared: 4096 16 256 1 512 2 3
1 Shared: 4096 16 256 1 1024 2 3
1 Shared: 4096 16 256 2 512 2 3
1 Shared: 4096 16 256 2 1024 2 3
1 Shared: 4096 16 256 4 512 2 3
1 Shared: 4096 16 256 4 1024 2 3
1 Shared: 4096 8 512 1 512 2 3
1 Shared: 4096 8 512 1 1024 2 3
1 Shared: 4096 8 512 2 512 2 3
1 Shared: 4096 8 512 2 1024 2 3
1 Shared: 4096 8 512 4 512 2 3
1 Shared: 4096 8 512 4 1024 2 3
1 Shared: 4096 16 256 1 512 2 4
1 Shared: 4096 16 256 1 1024 2 4
1 Shared: 4096 16 256 2 512 2 4
1 Shared: 4096 16 256 2 1024 2 4
1 Shared: 4096 16 256 4 512 2 4
1 Shared: 4096 16 256 4 1024 2 4
1 Shared: 4096 8 512 1 512 2 4
1 Shared: 4096 8 512 1 1024 2 4
1 Shared: 4096 8 512 2 512 2 4
1 Shared: 4096 8 512 2 1024 2 4
1 Shared: 4096 8 512 4 512 2 4
1 Shared: 4096 8 512 4 1024 2 4
1 Shared: 4096 16 256 1 512 2 5
1 Shared: 4096 16 256 1 1024 2 5
1 Shared: 4096 16 256 2 512 2 5
1 Shared: 4096 16 256 2 1024 2 5
1 Shared: 4096 16 256 4 512 2 5
1 Shared: 4096 16 256 4 1024 2 5
1 Shared: 4096 8 512 1 512 2 5
1 Shared: 4096 8 512 1 1024 2 5
1 Shared: 4096 8 512 2 512 2 5
1 Shared: 4096 8 512 2 1024 2 5
1 Shared: 4096 8 512 4 512 2 5
1 Shared: 4096 8 512 4 1024 2 5
1 Shared: 4096 16 256 1 512 2 6
1 Shared: 4096 16 256 1 1024 2 6
1 Shared: 4096 16 256 2 512 2 6
1 Shared: 4096 16 256 2 1024 2 6
1 Shared: 4096 16 256 4 512 2 6
1 Shared: 4096 16 256 4 1024 2 6
1 Shared: 4096 8 512 1 512 2 6
1 Shared: 4096 8 512 1 1024 2 6
1 Shared: 4096 8 512 2 512 2 6
1 Shared: 4096 8 512 2 1024 2 6
1 Shared: 4096 8 512 4 512 2 6
1 Shared: 4096 8 512 4 1024 2 6
1 Shared: 4096 16 256 1 512 3 0
1 Shared: 4096 16 256 1 1024 3 0
1 Shared: 4096 16 256 2 512 3 0
1 Shared: 4096 16 256 2 1024 3 0
1 Shared: 4096 16 256 4 512 3 0
1 Shared: 4096 16 256 4 1024 3 0
1 Shared: 4096 8 512 1 512 3 0
1 Shared: 4096 8 512 1 1024 3 0
1 Shared: 4096 8 512 2 512 3 0
1 Shared: 4096 8 512 2 1024 3 0
1 Shared: 4096 8 512 4 512 3 0
1 Shared: 4096 8 512 4 1024 3 0
1 Shared: 4096 16 256 1 512 3 1 1
1 Shared: 4096 1 512 3 1 2
1 Shared: 4096 1 512 3 1 4
1 Shared: 4096 16 256 1 1024 3 1 1
1 Shared: 4096 1 1024 3 1 2
1 Shared: 4096 1 1024 3 1 4
1 Shared: 4096 16 256 2 512 3 1 1
1 Shared: 4096 2 512 3 1 2
1 Shared: 4096 2 512 3 1 4
1 Shared: 4096 16 256 2 1024 3 1 1
1 Shared: 4096 2 1024 3 1 2
1 Shared: 4096 2 1024 3 1 4
1 Shared: 4096 16 256 4 512 3 1 1
1 Shared: 4096 4 512 3 1 2
1 Shared: 4096 4 512 3 1 4
1 Shared: 4096 16 256 4 1024 3 1 1
1 Shared: 4096 4 1024 3 1 2
1 Shared: 4096 4 1024 3 1 4
1 Shared: 4096 8 512 1 512 3 1 1
1 Shared: 4096 1 512 3 1 2
1 Shared: 4096 1 512 3 1 4
1 Shared: 4096 8 512 1 1024 3 1 1
1 Shared: 4096 1 1024 3 1 2
1 Shared: 4096 1 1024 3 1 4
1 Shared: 4096 8 512 2 512 3 1 1
1 Shared: 4096 2 512 3 1 2
1 Shared: 4096 2 512 3 1 4
1 Shared: 4096 8 512 2 1024 3 1 1
1 Shared: 4096 2 1024 3 1 2
1 Shared: 4096 2 1024 3 1 4
1 Shared: 4096 8 512 4 512 3 1 1
1 Shared: 4096 4 512 3 1 2
1 Shared: 4096 4 512 3 1 4
1 Shared: 4096 8 512 4 1024 3 1 1
1 Shared: 4096 4 1024 3 1 2
1 Shared: 4096 4 1024 3 1 4
1 Shared: 4096 16 256 1 512 3 2
1 Shared: 4096 16 256 1 1024 3 2
1 Shared: 4096 16 256 2 512 3 2
1 Shared: 4096 16 256 2 1024 3 2
1 Shared: 4096 16 256 4 512 3 2
1 Shared: 4096 16 256 4 1024 3 2
1 Shared: 4096 8 512 1 512 3 2
1 Shared: 4096 8 512 1 1024 3 2
1 Shared: 4096 8 512 2 512 3 2
1 Shared: 4096 8 512 2 1024 3 2
1 Shared: 4096 8 512 4 512 3 2
1 Shared: 4096 8 512 4 1024 3 2
1 Shared: 4096 16 256 1 512 3 3
1 Shared: 4096 16 256 1 1024 3 3
1 Shared: 4096 16 256 2 512 3 3
1 Shared: 4096 16 256 2 1024 3 3
1 Shared: 4096 16 256 4 512 3 3
1 Shared: 4096 16 256 4 1024 3 3
1 Shared: 4096 8 512 1 512 3 3
1 Shared: 4096 8 512 1 1024 3 3
1 Shared: 4096 8 512 2 512 3 3
1 Shared: 4096 8 512 2 1024 3 3
1 Shared: 4096 8 512 4 512 3 3
1 Shared: 4096 8 512 4 1024 3 3
1 Shared: 4096 16 256 1 512 3 4
1 Shared: 4096 16 256 1 1024 3 4
1 Shared: 4096 16 256 2 512 3 4
1 Shared: 4096 16 256 2 1024 3 4
1 Shared: 4096 16 256 4 512 3 4
1 Shared: 4096 16 256 4 1024 3 4
1 Shared: 4096 8 512 1 512 3 4
1 Shared: 4096 8 512 1 1024 3 4
1 Shared: 4096 8 512 2 512 3 4
1 Shared: 4096 8 512 2 1024 3 4
1 Shared: 4096 8 512 4 512 3 4
1 Shared: 4096 8 512 4 1024 3 4
1 Shared: 4096 16 256 1 512 3 5
1 Shared: 4096 16 256 1 1024 3 5
1 Shared: 4096 16 256 2 512 3 5
1 Shared: 4096 16 256 2 1024 3 5
1 Shared: 4096 16 256 4 512 3 5
1 Shared: 4096 16 256 4 1024 3 5
1 Shared: 4096 8 512 1 512 3 5
1 Shared: 4096 8 512 1 1024 3 5
1 Shared: 4096 8 512 2 512 3 5
1 Shared: 4096 8 512 2 1024 3 5
1 Shared: 4096 8 512 4 512 3 5
1 Shared: 4096 8 512 4 1024 3 5
1 Shared: 4096 16 256 1 512 3 6
1 Shared: 4096 16 256 1 1024 3 6
1 Shared: 4096 16 256 2 512 3 6
1 Shared: 4096 16 256 2 1024 3 6
1 Shared: 4096 16 256 4 512 3 6
1 Shared: 4096 16 256 4 1024 3 6
1 Shared: 4096 8 512 1 512 3 6
1 Shared: 4096 8 512 1 1024 3 6
1 Shared: 4096 8 512 2 512 3 6
1 Shared: 4096 8 512 2 1024 3 6
1 Shared: 4096 8 512 4 512 3 6
1 Shared: 4096 8 512 4 1024 3 6
1 Shared: 4096 16 256 1 512 4 0
1 Shared: 4096 16 256 1 1024 4 0
1 Shared: 4096 16 256 2 512 4 0
1 Shared: 4096 16 256 2 1024 4 0
1 Shared: 4096 16 256 4 512 4 0
1 Shared: 4096 16 256 4 1024 4 0
1 Shared: 4096 8 512 1 512 4 0
1 Shared: 4096 8 512 1 1024 4 0
1 Shared: 4096 8 512 2 512 4 0
1 Shared: 4096 8 512 2 1024 4 0
1 Shared: 4096 8 512 4 512 4 0
1 Shared: 4096 8 512 4 1024 4 0
1 Shared: 4096 16 256 1 512 4 1 1
1 Shared: 4096 1 512 4 1 2
1 Shared: 4096 1 512 4 1 4
1 Shared: 4096 16 256 1 1024 4 1 1
1 Shared: 4096 1 1024 4 1 2
1 Shared: 4096 1 1024 4 1 4
1 Shared: 4096 16 256 2 512 4 1 1
1 Shared: 4096 2 512 4 1 2
1 Shared: 4096 2 512 4 1 4
1 Shared: 4096 16 256 2 1024 4 1 1
1 Shared: 4096 2 1024 4 1 2
1 Shared: 4096 2 1024 4 1 4
1 Shared: 4096 16 256 4 512 4 1 1
1 Shared: 4096 4 512 4 1 2
1 Shared: 4096 4 512 4 1 4
1 Shared: 4096 16 256 4 1024 4 1 1
1 Shared: 4096 4 1024 4 1 2
1 Shared: 4096 4 1024 4 1 4
1 Shared: 4096 8 512 1 512 4 1 1
1 Shared: 4096 1 512 4 1 2
1 Shared: 4096 1 512 4 1 4
1 Shared: 4096 8 512 1 1024 4 1 1
1 Shared: 4096 1 1024 4 1 2
1 Shared: 4096 1 1024 4 1 4
1 Shared: 4096 8 512 2 512 4 1 1
1 Shared: 4096 2 512 4 1 2
1 Shared: 4096 2 512 4 1 4
1 Shared: 4096 8 512 2 1024 4 1 1
1 Shared: 4096 2 1024 4 1 2
1 Shared: 4096 2 1024 4 1 4
1 Shared: 4096 8 512 4 512 4 1 1
1 Shared: 4096 4 512 4 1 2
1 Shared: 4096 4 512 4 1 4
1 Shared: 4096 8 512 4 1024 4 1 1
1 Shared: 4096 4 1024 4 1 2
1 Shared: 4096 4 1024 4 1 4
1 Shared: 4096 16 256 1 512 4 2
1 Shared: 4096 16 256 1 1024 4 2
1 Shared: 4096 16 256 2 512 4 2
1 Shared: 4096 16 256 2 1024 4 2
1 Shared: 4096 16 256 4 512 4 2
1 Shared: 4096 16 256 4 1024 4 2
1 Shared: 4096 8 512 1 512 4 2
1 Shared: 4096 8 512 1 1024 4 2
1 Shared: 4096 8 512 2 512 4 2
1 Shared: 4096 8 512 2 1024 4 2
1 Shared: 4096 8 512 4 512 4 2
1 Shared: 4096 8 512 4 1024 4 2
1 Shared: 4096 16 256 1 512 4 3
1 Shared: 4096 16 256 1 1024 4 3
1 Shared: 4096 16 256 2 512 4 3
1 Shared: 4096 16 256 2 1024 4 3
1 Shared: 4096 16 256 4 512 4 3
1 Shared: 4096 16 256 4 1024 4 3
1 Shared: 4096 8 512 1 512 4 3
1 Shared: 4096 8 512 1 1024 4 3
1 Shared: 4096 8 512 2 512 4 3
1 Shared: 4096 8 512 2 1024 4 3
1 Shared: 4096 8 512 4 512 4 3
1 Shared: 4096 8 512 4 1024 4 3
1 Shared: 4096 16 256 1 512 4 4
1 Shared: 4096 16 256 1 1024 4 4
1 Shared: 4096 16 256 2 512 4 4
1 Shared: 4096 16 256 2 1024 4 4
1 Shared: 4096 16 256 4 512 4 4
1 Shared: 4096 16 256 4 1024 4 4
1 Shared: 4096 8 512 1 512 4 4
1 Shared: 4096 8 512 1 1024 4 4
1 Shared: 4096 8 512 2 512 4 4
1 Shared: 4096 8 512 2 1024 4 4
1 Shared: 4096 8 512 4 512 4 4
1 Shared: 4096 8 512 4 1024 4 4
1 Shared: 4096 16 256 1 512 4 5
1 Shared: 4096 16 256 1 1024 4 5
1 Shared: 4096 16 256 2 512 4 5
1 Shared: 4096 16 256 2 1024 4 5
1 Shared: 4096 16 256 4 512 4 5
1 Shared: 4096 16 256 4 1024 4 5
1 Shared: 4096 8 512 1 512 4 5
1 Shared: 4096 8 512 1 1024 4 5
1 Shared: 4096 8 512 2 512 4 5
1 Shared: 4096 8 512 2 1024 4 5
1 Shared: 4096 8 512 4 512 4 5
1 Shared: 4096 8 512 4 1024 4 5
1 Shared: 4096 16 256 1 512 4 6
1 Shared: 4096 16 256 1 1024 4 6
1 Shared: 4096 16 256 2 512 4 6
1 Shared: 4096 16 256 2 1024 4 6
1 Shared: 4096 16 256 4 512 4 6
1 Shared: 4096 16 256 4 1024 4 6
1 Shared: 4096 8 512 1 512 4 6
1 Shared: 4096 8 512 1 1024 4 6
1 Shared: 4096 8 512 2 512 4 6
1 Shared: 4096 8 512 2 1024 4 6
1 Shared: 4096 8 512 4 512 4 6
1 Shared: 4096 8 512 4 1024 4 6
1 Shared: 4096 16 256 1 512 5 0
1 Shared: 4096 16 256 1 1024 5 0
1 Shared: 4096 16 256 2 512 5 0
1 Shared: 4096 16 256 2 1024 5 0
1 Shared: 4096 16 256 4 512 5 0
1 Shared: 4096 16 256 4 1024 5 0
1 Shared: 4096 8 512 1 512 5 0
1 Shared: 4096 8 512 1 1024 5 0
1 Shared: 4096 8 512 2 512 5 0
1 Shared: 4096 8 512 2 1024 5 0
1 Shared: 4096 8 512 4 512 5 0
1 Shared: 4096 8 512 4 1024 5 0
1 Shared: 4096 16 256 1 512 5 1 1
1 Shared: 4096 1 512 5 1 2
1 Shared: 4096 1 512 5 1 4
1 Shared: 4096 16 256 1 1024 5 1 1
1 Shared: 4096 1 1024 5 1 2
1 Shared: 4096 1 1024 5 1 4
1 Shared: 4096 16 256 2 512 5 1 1
1 Shared: 4096 2 512 5 1 2
1 Shared: 4096 2 512 5 1 4
1 Shared: 4096 16 256 2 1024 5 1 1
1 Shared: 4096 2 1024 5 1 2
1 Shared: 4096 2 1024 5 1 4
1 Shared: 4096 16 256 4 512 5 1 1
1 Shared: 4096 4 512 5 1 2
1 Shared: 4096 4 512 5 1 4
1 Shared: 4096 16 256 4 1024 5 1 1
1 Shared: 4096 4 1024 5 1 2
1 Shared: 4096 4 1024 5 1 4
1 Shared: 4096 8 512 1 512 5 1 1
1 Shared: 4096 1 512 5 1 2
1 Shared: 4096 1 512 5 1 4
1 Shared: 4096 8 512 1 1024 5 1 1
1 Shared: 4096 1 1024 5 1 2
1 Shared: 4096 1 1024 5 1 4
1 Shared: 4096 8 512 2 512 5 1 1
1 Shared: 4096 2 512 5 1 2
1 Shared: 4096 2 512 5 1 4
1 Shared: 4096 8 512 2 1024 5 1 1
1 Shared: 4096 2 1024 5 1 2
1 Shared: 4096 2 1024 5 1 4
1 Shared: 4096 8 512 4 512 5 1 1
1 Shared: 4096 4 512 5 1 2
1 Shared: 4096 4 512 5 1 4
1 Shared: 4096 8 512 4 1024 5 1 1
1 Shared: 4096 4 1024 5 1 2
1 Shared: 4096 4 1024 5 1 4
1 Shared: 4096 16 256 1 512 5 2
1 Shared: 4096 16 256 1 1024 5 2
1 Shared: 4096 16 256 2 512 5 2
1 Shared: 4096 16 256 2 1024 5 2
1 Shared: 4096 16 256 4 512 5 2
1 Shared: 4096 16 256 4 1024 5 2
1 Shared: 4096 8 512 1 512 5 2
1 Shared: 4096 8 512 1 1024 5 2
1 Shared: 4096 8 512 2 512 5 2
1 Shared: 4096 8 512 2 1024 5 2
1 Shared: 4096 8 512 4 512 5 2
1 Shared: 4096 8 512 4 1024 5 2
1 Shared: 4096 16 256 1 512 5 3
1 Shared: 4096 16 256 1 1024 5 3
1 Shared: 4096 16 256 2 512 5 3
1 Shared: 4096 16 256 2 1024 5 3
1 Shared: 4096 16 256 4 512 5 3
1 Shared: 4096 16 256 4 1024 5 3
1 Shared: 4096 8 512 1 512 5 3
1 Shared: 4096 8 512 1 1024 5 3
1 Shared: 4096 8 512 2 512 5 3
1 Shared: 4096 8 512 2 1024 5 3
1 Shared: 4096 8 512 4 512 5 3
1 Shared: 4096 8 512 4 1024 5 3
1 Shared: 4096 16 256 1 512 5 4
1 Shared: 4096 16 256 1 1024 5 4
1 Shared: 4096 16 256 2 512 5 4
1 Shared: 4096 16 256 2 1024 5 4
1 Shared: 4096 16 256 4 512 5 4
1 Shared: 4096 16 256 4 1024 5 4
1 Shared: 4096 8 512 1 512 5 4
1 Shared: 4096 8 512 1 1024 5 4
1 Shared: 4096 8 512 2 512 5 4
1 Shared: 4096 8 512 2 1024 5 4
1 Shared: 4096 8 512 4 512 5 4
1 Shared: 4096 8 512 4 1024 5 4
1 Shared: 4096 16 256 1 512 5 5
1 Shared: 4096 16 256 1 1024 5 5
1 Shared: 4096 16 256 2 512 5 5
1 Shared: 4096 16 256 2 1024 5 5
1 Shared: 4096 16 256 4 512 5 5
1 Shared: 4096 16 256 4 1024 5 5
1 Shared: 4096 8 512 1 512 5 5
1 Shared: 4096 8 512 1 1024 5 5
1 Shared: 4096 8 512 2 512 5 5
1 Shared: 4096 8 512 2 1024 5 5
1 Shared: 4096 8 512 4 512 5 5
1 Shared: 4096 8 512 4 1024 5 5
1 Shared: 4096 16 256 1 512 5 6
1 Shared: 4096 16 256 1 1024 5 6
1 Shared: 4096 16 256 2 512 5 6
1 Shared: 4096 16 256 2 1024 5 6
1 Shared: 4096 16 256 4 512 5 6
1 Shared: 4096 16 256 4 1024 5 6
1 Shared: 4096 8 512 1 512 5 6
1 Shared: 4096 8 512 1 1024 5 6
1 Shared: 4096 8 512 2 512 5 6
1 Shared: 4096 8 512 2 1024 5 6
1 Shared: 4096 8 512 4 512 5 6
1 Shared: 4096 8 512 4 1024 5 6
1 Shared: 10240 40 256 1 512 0 0
1 Shared: 10240 40 256 1 1024 0 0
1 Shared: 10240 40 256 2 512 0 0
1 Shared: 10240 40 256 2 1024 0 0
1 Shared: 10240 40 256 4 512 0 0
1 Shared: 10240 40 256 4 1024 0 0
1 Shared: 10240 20 512 1 512 0 0
1 Shared: 10240 20 512 1 1024 0 0
1 Shared: 10240 20 512 2 512 0 0
1 Shared: 10240 20 512 2 1024 0 0
1 Shared: 10240 20 512 4 512 0 0
1 Shared: 10240 20 512 4 1024 0 0
1 Shared: 10240 40 256 1 512 0 1 1
1 Shared: 10240 1 512 0 1 2
1 Shared: 10240 1 512 0 1 4
1 Shared: 10240 40 256 1 1024 0 1 1
1 Shared: 10240 1 1024 0 1 2
1 Shared: 10240 1 1024 0 1 4
1 Shared: 10240 40 256 2 512 0 1 1
1 Shared: 10240 2 512 0 1 2
1 Shared: 10240 2 512 0 1 4
1 Shared: 10240 40 256 2 1024 0 1 1
1 Shared: 10240 2 1024 0 1 2
1 Shared: 10240 2 1024 0 1 4
1 Shared: 10240 40 256 4 512 0 1 1
1 Shared: 10240 4 512 0 1 2
1 Shared: 10240 4 512 0 1 4
1 Shared: 10240 40 256 4 1024 0 1 1
1 Shared: 10240 4 1024 0 1 2
1 Shared: 10240 4 1024 0 1 4
1 Shared: 10240 20 512 1 512 0 1 1
1 Shared: 10240 1 512 0 1 2
1 Shared: 10240 1 512 0 1 4
1 Shared: 10240 20 512 1 1024 0 1 1
1 Shared: 10240 1 1024 0 1 2
1 Shared: 10240 1 1024 0 1 4
1 Shared: 10240 20 512 2 512 0 1 1
1 Shared: 10240 2 512 0 1 2
1 Shared: 10240 2 512 0 1 4
1 Shared: 10240 20 512 2 1024 0 1 1
1 Shared: 10240 2 1024 0 1 2
1 Shared: 10240 2 1024 0 1 4
1 Shared: 10240 20 512 4 512 0 1 1
1 Shared: 10240 4 512 0 1 2
1 Shared: 10240 4 512 0 1 4
1 Shared: 10240 20 512 4 1024 0 1 1
1 Shared: 10240 4 1024 0 1 2
1 Shared: 10240 4 1024 0 1 4
1 Shared: 10240 40 256 1 512 0 2
1 Shared: 10240 40 256 1 1024 0 2
1 Shared: 10240 40 256 2 512 0 2
1 Shared: 10240 40 256 2 1024 0 2
1 Shared: 10240 40 256 4 512 0 2
1 Shared: 10240 40 256 4 1024 0 2
1 Shared: 10240 20 512 1 512 0 2
1 Shared: 10240 20 512 1 1024 0 2
1 Shared: 10240 20 512 2 512 0 2
1 Shared: 10240 20 512 2 1024 0 2
1 Shared: 10240 20 512 4 512 0 2
1 Shared: 10240 20 512 4 1024 0 2
1 Shared: 10240 40 256 1 512 0 3
1 Shared: 10240 40 256 1 1024 0 3
1 Shared: 10240 40 256 2 512 0 3
1 Shared: 10240 40 256 2 1024 0 3
1 Shared: 10240 40 256 4 512 0 3
1 Shared: 10240 40 256 4 1024 0 3
1 Shared: 10240 20 512 1 512 0 3
1 Shared: 10240 20 512 1 1024 0 3
1 Shared: 10240 20 512 2 512 0 3
1 Shared: 10240 20 512 2 1024 0 3
1 Shared: 10240 20 512 4 512 0 3
1 Shared: 10240 20 512 4 1024 0 3
1 Shared: 10240 40 256 1 512 0 4
1 Shared: 10240 40 256 1 1024 0 4
1 Shared: 10240 40 256 2 512 0 4
1 Shared: 10240 40 256 2 1024 0 4
1 Shared: 10240 40 256 4 512 0 4
1 Shared: 10240 40 256 4 1024 0 4
1 Shared: 10240 20 512 1 512 0 4
1 Shared: 10240 20 512 1 1024 0 4
1 Shared: 10240 20 512 2 512 0 4
1 Shared: 10240 20 512 2 1024 0 4
1 Shared: 10240 20 512 4 512 0 4
1 Shared: 10240 20 512 4 1024 0 4
1 Shared: 10240 40 256 1 512 0 5
1 Shared: 10240 40 256 1 1024 0 5
1 Shared: 10240 40 256 2 512 0 5
1 Shared: 10240 40 256 2 1024 0 5
1 Shared: 10240 40 256 4 512 0 5
1 Shared: 10240 40 256 4 1024 0 5
1 Shared: 10240 20 512 1 512 0 5
1 Shared: 10240 20 512 1 1024 0 5
1 Shared: 10240 20 512 2 512 0 5
1 Shared: 10240 20 512 2 1024 0 5
1 Shared: 10240 20 512 4 512 0 5
1 Shared: 10240 20 512 4 1024 0 5
1 Shared: 10240 40 256 1 512 0 6
1 Shared: 10240 40 256 1 1024 0 6
1 Shared: 10240 40 256 2 512 0 6
1 Shared: 10240 40 256 2 1024 0 6
1 Shared: 10240 40 256 4 512 0 6
1 Shared: 10240 40 256 4 1024 0 6
1 Shared: 10240 20 512 1 512 0 6
1 Shared: 10240 20 512 1 1024 0 6
1 Shared: 10240 20 512 2 512 0 6
1 Shared: 10240 20 512 2 1024 0 6
1 Shared: 10240 20 512 4 512 0 6
1 Shared: 10240 20 512 4 1024 0 6
1 Shared: 10240 40 256 1 512 1 0
1 Shared: 10240 40 256 1 1024 1 0
1 Shared: 10240 40 256 2 512 1 0
1 Shared: 10240 40 256 2 1024 1 0
1 Shared: 10240 40 256 4 512 1 0
1 Shared: 10240 40 256 4 1024 1 0
1 Shared: 10240 20 512 1 512 1 0
1 Shared: 10240 20 512 1 1024 1 0
1 Shared: 10240 20 512 2 512 1 0
1 Shared: 10240 20 512 2 1024 1 0
1 Shared: 10240 20 512 4 512 1 0
1 Shared: 10240 20 512 4 1024 1 0
1 Shared: 10240 40 256 1 512 1 1 1
1 Shared: 10240 1 512 1 1 2
1 Shared: 10240 1 512 1 1 4
1 Shared: 10240 40 256 1 1024 1 1 1
1 Shared: 10240 1 1024 1 1 2
1 Shared: 10240 1 1024 1 1 4
1 Shared: 10240 40 256 2 512 1 1 1
1 Shared: 10240 2 512 1 1 2
1 Shared: 10240 2 512 1 1 4
1 Shared: 10240 40 256 2 1024 1 1 1
1 Shared: 10240 2 1024 1 1 2
1 Shared: 10240 2 1024 1 1 4
1 Shared: 10240 40 256 4 512 1 1 1
1 Shared: 10240 4 512 1 1 2
1 Shared: 10240 4 512 1 1 4
1 Shared: 10240 40 256 4 1024 1 1 1
1 Shared: 10240 4 1024 1 1 2
1 Shared: 10240 4 1024 1 1 4
1 Shared: 10240 20 512 1 512 1 1 1
1 Shared: 10240 1 512 1 1 2
1 Shared: 10240 1 512 1 1 4
1 Shared: 10240 20 512 1 1024 1 1 1
1 Shared: 10240 1 1024 1 1 2
1 Shared: 10240 1 1024 1 1 4
1 Shared: 10240 20 512 2 512 1 1 1
1 Shared: 10240 2 512 1 1 2
1 Shared: 10240 2 512 1 1 4
1 Shared: 10240 20 512 2 1024 1 1 1
1 Shared: 10240 2 1024 1 1 2
1 Shared: 10240 2 1024 1 1 4
1 Shared: 10240 20 512 4 512 1 1 1
1 Shared: 10240 4 512 1 1 2
1 Shared: 10240 4 512 1 1 4
1 Shared: 10240 20 512 4 1024 1 1 1
1 Shared: 10240 4 1024 1 1 2
1 Shared: 10240 4 1024 1 1 4
1 Shared: 10240 40 256 1 512 1 2
1 Shared: 10240 40 256 1 1024 1 2
1 Shared: 10240 40 256 2 512 1 2
1 Shared: 10240 40 256 2 1024 1 2
1 Shared: 10240 40 256 4 512 1 2
1 Shared: 10240 40 256 4 1024 1 2
1 Shared: 10240 20 512 1 512 1 2
1 Shared: 10240 20 512 1 1024 1 2
1 Shared: 10240 20 512 2 512 1 2
1 Shared: 10240 20 512 2 1024 1 2
1 Shared: 10240 20 512 4 512 1 2
1 Shared: 10240 20 512 4 1024 1 2
1 Shared: 10240 40 256 1 512 1 3
1 Shared: 10240 40 256 1 1024 1 3
1 Shared: 10240 40 256 2 512 1 3
1 Shared: 10240 40 256 2 1024 1 3
1 Shared: 10240 40 256 4 512 1 3
1 Shared: 10240 40 256 4 1024 1 3
1 Shared: 10240 20 512 1 512 1 3
1 Shared: 10240 20 512 1 1024 1 3
1 Shared: 10240 20 512 2 512 1 3
1 Shared: 10240 20 512 2 1024 1 3
1 Shared: 10240 20 512 4 512 1 3
1 Shared: 10240 20 512 4 1024 1 3
1 Shared: 10240 40 256 1 512 1 4
1 Shared: 10240 40 256 1 1024 1 4
1 Shared: 10240 40 256 2 512 1 4
1 Shared: 10240 40 256 2 1024 1 4
1 Shared: 10240 40 256 4 512 1 4
1 Shared: 10240 40 256 4 1024 1 4
1 Shared: 10240 20 512 1 512 1 4
1 Shared: 10240 20 512 1 1024 1 4
1 Shared: 10240 20 512 2 512 1 4
1 Shared: 10240 20 512 2 1024 1 4
1 Shared: 10240 20 512 4 512 1 4
1 Shared: 10240 20 512 4 1024 1 4
1 Shared: 10240 40 256 1 512 1 5
1 Shared: 10240 40 256 1 1024 1 5
1 Shared: 10240 40 256 2 512 1 5
1 Shared: 10240 40 256 2 1024 1 5
1 Shared: 10240 40 256 4 512 1 5
1 Shared: 10240 40 256 4 1024 1 5
1 Shared: 10240 20 512 1 512 1 5
1 Shared: 10240 20 512 1 1024 1 5
1 Shared: 10240 20 512 2 512 1 5
1 Shared: 10240 20 512 2 1024 1 5
1 Shared: 10240 20 512 4 512 1 5
1 Shared: 10240 20 512 4 1024 1 5
1 Shared: 10240 40 256 1 512 1 6
1 Shared: 10240 40 256 1 1024 1 6
1 Shared: 10240 40 256 2 512 1 6
1 Shared: 10240 40 256 2 1024 1 6
1 Shared: 10240 40 256 4 512 1 6
1 Shared: 10240 40 256 4 1024 1 6
1 Shared: 10240 20 512 1 512 1 6
1 Shared: 10240 20 512 1 1024 1 6
1 Shared: 10240 20 512 2 512 1 6
1 Shared: 10240 20 512 2 1024 1 6
1 Shared: 10240 20 512 4 512 1 6
1 Shared: 10240 20 512 4 1024 1 6
1 Shared: 10240 40 256 1 512 2 0
1 Shared: 10240 40 256 1 1024 2 0
1 Shared: 10240 40 256 2 512 2 0
1 Shared: 10240 40 256 2 1024 2 0
1 Shared: 10240 40 256 4 512 2 0
1 Shared: 10240 40 256 4 1024 2 0
1 Shared: 10240 20 512 1 512 2 0
1 Shared: 10240 20 512 1 1024 2 0
1 Shared: 10240 20 512 2 512 2 0
1 Shared: 10240 20 512 2 1024 2 0
1 Shared: 10240 20 512 4 512 2 0
1 Shared: 10240 20 512 4 1024 2 0
1 Shared: 10240 40 256 1 512 2 1 1
1 Shared: 10240 1 512 2 1 2
1 Shared: 10240 1 512 2 1 4
1 Shared: 10240 40 256 1 1024 2 1 1
1 Shared: 10240 1 1024 2 1 2
1 Shared: 10240 1 1024 2 1 4
1 Shared: 10240 40 256 2 512 2 1 1
1 Shared: 10240 2 512 2 1 2
1 Shared: 10240 2 512 2 1 4
1 Shared: 10240 40 256 2 1024 2 1 1
1 Shared: 10240 2 1024 2 1 2
1 Shared: 10240 2 1024 2 1 4
1 Shared: 10240 40 256 4 512 2 1 1
1 Shared: 10240 4 512 2 1 2
1 Shared: 10240 4 512 2 1 4
1 Shared: 10240 40 256 4 1024 2 1 1
1 Shared: 10240 4 1024 2 1 2
1 Shared: 10240 4 1024 2 1 4
1 Shared: 10240 20 512 1 512 2 1 1
1 Shared: 10240 1 512 2 1 2
1 Shared: 10240 1 512 2 1 4
1 Shared: 10240 20 512 1 1024 2 1 1
1 Shared: 10240 1 1024 2 1 2
1 Shared: 10240 1 1024 2 1 4
1 Shared: 10240 20 512 2 512 2 1 1
1 Shared: 10240 2 512 2 1 2
1 Shared: 10240 2 512 2 1 4
1 Shared: 10240 20 512 2 1024 2 1 1
1 Shared: 10240 2 1024 2 1 2
1 Shared: 10240 2 1024 2 1 4
1 Shared: 10240 20 512 4 512 2 1 1
1 Shared: 10240 4 512 2 1 2
1 Shared: 10240 4 512 2 1 4
1 Shared: 10240 20 512 4 1024 2 1 1
1 Shared: 10240 4 1024 2 1 2
1 Shared: 10240 4 1024 2 1 4
1 Shared: 10240 40 256 1 512 2 2
1 Shared: 10240 40 256 1 1024 2 2
1 Shared: 10240 40 256 2 512 2 2
1 Shared: 10240 40 256 2 1024 2 2
1 Shared: 10240 40 256 4 512 2 2
1 Shared: 10240 40 256 4 1024 2 2
1 Shared: 10240 20 512 1 512 2 2
1 Shared: 10240 20 512 1 1024 2 2
1 Shared: 10240 20 512 2 512 2 2
1 Shared: 10240 20 512 2 1024 2 2
1 Shared: 10240 20 512 4 512 2 2
1 Shared: 10240 20 512 4 1024 2 2
1 Shared: 10240 40 256 1 512 2 3
1 Shared: 10240 40 256 1 1024 2 3
1 Shared: 10240 40 256 2 512 2 3
1 Shared: 10240 40 256 2 1024 2 3
1 Shared: 10240 40 256 4 512 2 3
1 Shared: 10240 40 256 4 1024 2 3
1 Shared: 10240 20 512 1 512 2 3
1 Shared: 10240 20 512 1 1024 2 3
1 Shared: 10240 20 512 2 512 2 3
1 Shared: 10240 20 512 2 1024 2 3
1 Shared: 10240 20 512 4 512 2 3
1 Shared: 10240 20 512 4 1024 2 3
1 Shared: 10240 40 256 1 512 2 4
1 Shared: 10240 40 256 1 1024 2 4
1 Shared: 10240 40 256 2 512 2 4
1 Shared: 10240 40 256 2 1024 2 4
1 Shared: 10240 40 256 4 512 2 4
1 Shared: 10240 40 256 4 1024 2 4
1 Shared: 10240 20 512 1 512 2 4
1 Shared: 10240 20 512 1 1024 2 4
1 Shared: 10240 20 512 2 512 2 4
1 Shared: 10240 20 512 2 1024 2 4
1 Shared: 10240 20 512 4 512 2 4
1 Shared: 10240 20 512 4 1024 2 4
1 Shared: 10240 40 256 1 512 2 5
1 Shared: 10240 40 256 1 1024 2 5
1 Shared: 10240 40 256 2 512 2 5
1 Shared: 10240 40 256 2 1024 2 5
1 Shared: 10240 40 256 4 512 2 5
1 Shared: 10240 40 256 4 1024 2 5
1 Shared: 10240 20 512 1 512 2 5
1 Shared: 10240 20 512 1 1024 2 5
1 Shared: 10240 20 512 2 512 2 5
1 Shared: 10240 20 512 2 1024 2 5
1 Shared: 10240 20 512 4 512 2 5
1 Shared: 10240 20 512 4 1024 2 5
1 Shared: 10240 40 256 1 512 2 6
1 Shared: 10240 40 256 1 1024 2 6
1 Shared: 10240 40 256 2 512 2 6
1 Shared: 10240 40 256 2 1024 2 6
1 Shared: 10240 40 256 4 512 2 6
1 Shared: 10240 40 256 4 1024 2 6
1 Shared: 10240 20 512 1 512 2 6
1 Shared: 10240 20 512 1 1024 2 6
1 Shared: 10240 20 512 2 512 2 6
1 Shared: 10240 20 512 2 1024 2 6
1 Shared: 10240 20 512 4 512 2 6
1 Shared: 10240 20 512 4 1024 2 6
1 Shared: 10240 40 256 1 512 3 0
1 Shared: 10240 40 256 1 1024 3 0
1 Shared: 10240 40 256 2 512 3 0
1 Shared: 10240 40 256 2 1024 3 0
1 Shared: 10240 40 256 4 512 3 0
1 Shared: 10240 40 256 4 1024 3 0
1 Shared: 10240 20 512 1 512 3 0
1 Shared: 10240 20 512 1 1024 3 0
1 Shared: 10240 20 512 2 512 3 0
1 Shared: 10240 20 512 2 1024 3 0
1 Shared: 10240 20 512 4 512 3 0
1 Shared: 10240 20 512 4 1024 3 0
1 Shared: 10240 40 256 1 512 3 1 1
1 Shared: 10240 1 512 3 1 2
1 Shared: 10240 1 512 3 1 4
1 Shared: 10240 40 256 1 1024 3 1 1
1 Shared: 10240 1 1024 3 1 2
1 Shared: 10240 1 1024 3 1 4
1 Shared: 10240 40 256 2 512 3 1 1
1 Shared: 10240 2 512 3 1 2
1 Shared: 10240 2 512 3 1 4
1 Shared: 10240 40 256 2 1024 3 1 1
1 Shared: 10240 2 1024 3 1 2
1 Shared: 10240 2 1024 3 1 4
1 Shared: 10240 40 256 4 512 3 1 1
1 Shared: 10240 4 512 3 1 2
1 Shared: 10240 4 512 3 1 4
1 Shared: 10240 40 256 4 1024 3 1 1
1 Shared: 10240 4 1024 3 1 2
1 Shared: 10240 4 1024 3 1 4
1 Shared: 10240 20 512 1 512 3 1 1
1 Shared: 10240 1 512 3 1 2
1 Shared: 10240 1 512 3 1 4
1 Shared: 10240 20 512 1 1024 3 1 1
1 Shared: 10240 1 1024 3 1 2
1 Shared: 10240 1 1024 3 1 4
1 Shared: 10240 20 512 2 512 3 1 1
1 Shared: 10240 2 512 3 1 2
1 Shared: 10240 2 512 3 1 4
1 Shared: 10240 20 512 2 1024 3 1 1
1 Shared: 10240 2 1024 3 1 2
1 Shared: 10240 2 1024 3 1 4
1 Shared: 10240 20 512 4 512 3 1 1
1 Shared: 10240 4 512 3 1 2
1 Shared: 10240 4 512 3 1 4
1 Shared: 10240 20 512 4 1024 3 1 1
1 Shared: 10240 4 1024 3 1 2
1 Shared: 10240 4 1024 3 1 4
1 Shared: 10240 40 256 1 512 3 2
1 Shared: 10240 40 256 1 1024 3 2
1 Shared: 10240 40 256 2 512 3 2
1 Shared: 10240 40 256 2 1024 3 2
1 Shared: 10240 40 256 4 512 3 2
1 Shared: 10240 40 256 4 1024 3 2
1 Shared: 10240 20 512 1 512 3 2
1 Shared: 10240 20 512 1 1024 3 2
1 Shared: 10240 20 512 2 512 3 2
1 Shared: 10240 20 512 2 1024 3 2
1 Shared: 10240 20 512 4 512 3 2
1 Shared: 10240 20 512 4 1024 3 2
1 Shared: 10240 40 256 1 512 3 3
1 Shared: 10240 40 256 1 1024 3 3
1 Shared: 10240 40 256 2 512 3 3
1 Shared: 10240 40 256 2 1024 3 3
1 Shared: 10240 40 256 4 512 3 3
1 Shared: 10240 40 256 4 1024 3 3
1 Shared: 10240 20 512 1 512 3 3
1 Shared: 10240 20 512 1 1024 3 3
1 Shared: 10240 20 512 2 512 3 3
1 Shared: 10240 20 512 2 1024 3 3
1 Shared: 10240 20 512 4 512 3 3
1 Shared: 10240 20 512 4 1024 3 3
1 Shared: 10240 40 256 1 512 3 4
1 Shared: 10240 40 256 1 1024 3 4
1 Shared: 10240 40 256 2 512 3 4
1 Shared: 10240 40 256 2 1024 3 4
1 Shared: 10240 40 256 4 512 3 4
1 Shared: 10240 40 256 4 1024 3 4
1 Shared: 10240 20 512 1 512 3 4
1 Shared: 10240 20 512 1 1024 3 4
1 Shared: 10240 20 512 2 512 3 4
1 Shared: 10240 20 512 2 1024 3 4
1 Shared: 10240 20 512 4 512 3 4
1 Shared: 10240 20 512 4 1024 3 4
1 Shared: 10240 40 256 1 512 3 5
1 Shared: 10240 40 256 1 1024 3 5
1 Shared: 10240 40 256 2 512 3 5
1 Shared: 10240 40 256 2 1024 3 5
1 Shared: 10240 40 256 4 512 3 5
1 Shared: 10240 40 256 4 1024 3 5
1 Shared: 10240 20 512 1 512 3 5
1 Shared: 10240 20 512 1 1024 3 5
1 Shared: 10240 20 512 2 512 3 5
1 Shared: 10240 20 512 2 1024 3 5
1 Shared: 10240 20 512 4 512 3 5
1 Shared: 10240 20 512 4 1024 3 5
1 Shared: 10240 40 256 1 512 3 6
1 Shared: 10240 40 256 1 1024 3 6
1 Shared: 10240 40 256 2 512 3 6
1 Shared: 10240 40 256 2 1024 3 6
1 Shared: 10240 40 256 4 512 3 6
1 Shared: 10240 40 256 4 1024 3 6
1 Shared: 10240 20 512 1 512 3 6
1 Shared: 10240 20 512 1 1024 3 6
1 Shared: 10240 20 512 2 512 3 6
1 Shared: 10240 20 512 2 1024 3 6
1 Shared: 10240 20 512 4 512 3 6
1 Shared: 10240 20 512 4 1024 3 6
1 Shared: 10240 40 256 1 512 4 0
1 Shared: 10240 40 256 1 1024 4 0
1 Shared: 10240 40 256 2 512 4 0
1 Shared: 10240 40 256 2 1024 4 0
1 Shared: 10240 40 256 4 512 4 0
1 Shared: 10240 40 256 4 1024 4 0
1 Shared: 10240 20 512 1 512 4 0
1 Shared: 10240 20 512 1 1024 4 0
1 Shared: 10240 20 512 2 512 4 0
1 Shared: 10240 20 512 2 1024 4 0
1 Shared: 10240 20 512 4 512 4 0
1 Shared: 10240 20 512 4 1024 4 0
1 Shared: 10240 40 256 1 512 4 1 1
1 Shared: 10240 1 512 4 1 2
1 Shared: 10240 1 512 4 1 4
1 Shared: 10240 40 256 1 1024 4 1 1
1 Shared: 10240 1 1024 4 1 2
1 Shared: 10240 1 1024 4 1 4
1 Shared: 10240 40 256 2 512 4 1 1
1 Shared: 10240 2 512 4 1 2
1 Shared: 10240 2 512 4 1 4
1 Shared: 10240 40 256 2 1024 4 1 1
1 Shared: 10240 2 1024 4 1 2
1 Shared: 10240 2 1024 4 1 4
1 Shared: 10240 40 256 4 512 4 1 1
1 Shared: 10240 4 512 4 1 2
1 Shared: 10240 4 512 4 1 4
1 Shared: 10240 40 256 4 1024 4 1 1
1 Shared: 10240 4 1024 4 1 2
1 Shared: 10240 4 1024 4 1 4
1 Shared: 10240 20 512 1 512 4 1 1
1 Shared: 10240 1 512 4 1 2
1 Shared: 10240 1 512 4 1 4
1 Shared: 10240 20 512 1 1024 4 1 1
1 Shared: 10240 1 1024 4 1 2
1 Shared: 10240 1 1024 4 1 4
1 Shared: 10240 20 512 2 512 4 1 1
1 Shared: 10240 2 512 4 1 2
1 Shared: 10240 2 512 4 1 4
1 Shared: 10240 20 512 2 1024 4 1 1
1 Shared: 10240 2 1024 4 1 2
1 Shared: 10240 2 1024 4 1 4
1 Shared: 10240 20 512 4 512 4 1 1
1 Shared: 10240 4 512 4 1 2
1 Shared: 10240 4 512 4 1 4
1 Shared: 10240 20 512 4 1024 4 1 1
1 Shared: 10240 4 1024 4 1 2
1 Shared: 10240 4 1024 4 1 4
1 Shared: 10240 40 256 1 512 4 2
1 Shared: 10240 40 256 1 1024 4 2
1 Shared: 10240 40 256 2 512 4 2
1 Shared: 10240 40 256 2 1024 4 2
1 Shared: 10240 40 256 4 512 4 2
1 Shared: 10240 40 256 4 1024 4 2
1 Shared: 10240 20 512 1 512 4 2
1 Shared: 10240 20 512 1 1024 4 2
1 Shared: 10240 20 512 2 512 4 2
1 Shared: 10240 20 512 2 1024 4 2
1 Shared: 10240 20 512 4 512 4 2
1 Shared: 10240 20 512 4 1024 4 2
1 Shared: 10240 40 256 1 512 4 3
1 Shared: 10240 40 256 1 1024 4 3
1 Shared: 10240 40 256 2 512 4 3
1 Shared: 10240 40 256 2 1024 4 3
1 Shared: 10240 40 256 4 512 4 3
1 Shared: 10240 40 256 4 1024 4 3
1 Shared: 10240 20 512 1 512 4 3
1 Shared: 10240 20 512 1 1024 4 3
1 Shared: 10240 20 512 2 512 4 3
1 Shared: 10240 20 512 2 1024 4 3
1 Shared: 10240 20 512 4 512 4 3
1 Shared: 10240 20 512 4 1024 4 3
1 Shared: 10240 40 256 1 512 4 4
1 Shared: 10240 40 256 1 1024 4 4
1 Shared: 10240 40 256 2 512 4 4
1 Shared: 10240 40 256 2 1024 4 4
1 Shared: 10240 40 256 4 512 4 4
1 Shared: 10240 40 256 4 1024 4 4
1 Shared: 10240 20 512 1 512 4 4
1 Shared: 10240 20 512 1 1024 4 4
1 Shared: 10240 20 512 2 512 4 4
1 Shared: 10240 20 512 2 1024 4 4
1 Shared: 10240 20 512 4 512 4 4
1 Shared: 10240 20 512 4 1024 4 4
1 Shared: 10240 40 256 1 512 4 5
1 Shared: 10240 40 256 1 1024 4 5
1 Shared: 10240 40 256 2 512 4 5
1 Shared: 10240 40 256 2 1024 4 5
1 Shared: 10240 40 256 4 512 4 5
1 Shared: 10240 40 256 4 1024 4 5
1 Shared: 10240 20 512 1 512 4 5
1 Shared: 10240 20 512 1 1024 4 5
1 Shared: 10240 20 512 2 512 4 5
1 Shared: 10240 20 512 2 1024 4 5
1 Shared: 10240 20 512 4 512 4 5
1 Shared: 10240 20 512 4 1024 4 5
1 Shared: 10240 40 256 1 512 4 6
1 Shared: 10240 40 256 1 1024 4 6
1 Shared: 10240 40 256 2 512 4 6
1 Shared: 10240 40 256 2 1024 4 6
1 Shared: 10240 40 256 4 512 4 6
1 Shared: 10240 40 256 4 1024 4 6
1 Shared: 10240 20 512 1 512 4 6
1 Shared: 10240 20 512 1 1024 4 6
1 Shared: 10240 20 512 2 512 4 6
1 Shared: 10240 20 512 2 1024 4 6
1 Shared: 10240 20 512 4 512 4 6
1 Shared: 10240 20 512 4 1024 4 6
1 Shared: 10240 40 256 1 512 5 0
1 Shared: 10240 40 256 1 1024 5 0
1 Shared: 10240 40 256 2 512 5 0
1 Shared: 10240 40 256 2 1024 5 0
1 Shared: 10240 40 256 4 512 5 0
1 Shared: 10240 40 256 4 1024 5 0
1 Shared: 10240 20 512 1 512 5 0
1 Shared: 10240 20 512 1 1024 5 0
1 Shared: 10240 20 512 2 512 5 0
1 Shared: 10240 20 512 2 1024 5 0
1 Shared: 10240 20 512 4 512 5 0
1 Shared: 10240 20 512 4 1024 5 0
1 Shared: 10240 40 256 1 512 5 1 1
1 Shared: 10240 1 512 5 1 2
1 Shared: 10240 1 512 5 1 4
1 Shared: 10240 40 256 1 1024 5 1 1
1 Shared: 10240 1 1024 5 1 2
1 Shared: 10240 1 1024 5 1 4
1 Shared: 10240 40 256 2 512 5 1 1
1 Shared: 10240 2 512 5 1 2
1 Shared: 10240 2 512 5 1 4
1 Shared: 10240 40 256 2 1024 5 1 1
1 Shared: 10240 2 1024 5 1 2
1 Shared: 10240 2 1024 5 1 4
1 Shared: 10240 40 256 4 512 5 1 1
1 Shared: 10240 4 512 5 1 2
1 Shared: 10240 4 512 5 1 4
1 Shared: 10240 40 256 4 1024 5 1 1
1 Shared: 10240 4 1024 5 1 2
1 Shared: 10240 4 1024 5 1 4
1 Shared: 10240 20 512 1 512 5 1 1
1 Shared: 10240 1 512 5 1 2
1 Shared: 10240 1 512 5 1 4
1 Shared: 10240 20 512 1 1024 5 1 1
1 Shared: 10240 1 1024 5 1 2
1 Shared: 10240 1 1024 5 1 4
1 Shared: 10240 20 512 2 512 5 1 1
1 Shared: 10240 2 512 5 1 2
1 Shared: 10240 2 512 5 1 4
1 Shared: 10240 20 512 2 1024 5 1 1
1 Shared: 10240 2 1024 5 1 2
1 Shared: 10240 2 1024 5 1 4
1 Shared: 10240 20 512 4 512 5 1 1
1 Shared: 10240 4 512 5 1 2
1 Shared: 10240 4 512 5 1 4
1 Shared: 10240 20 512 4 1024 5 1 1
1 Shared: 10240 4 1024 5 1 2
1 Shared: 10240 4 1024 5 1 4
1 Shared: 10240 40 256 1 512 5 2
1 Shared: 10240 40 256 1 1024 5 2
1 Shared: 10240 40 256 2 512 5 2
1 Shared: 10240 40 256 2 1024 5 2
1 Shared: 10240 40 256 4 512 5 2
1 Shared: 10240 40 256 4 1024 5 2
1 Shared: 10240 20 512 1 512 5 2
1 Shared: 10240 20 512 1 1024 5 2
1 Shared: 10240 20 512 2 512 5 2
1 Shared: 10240 20 512 2 1024 5 2
1 Shared: 10240 20 512 4 512 5 2
1 Shared: 10240 20 512 4 1024 5 2
1 Shared: 10240 40 256 1 512 5 3
1 Shared: 10240 40 256 1 1024 5 3
1 Shared: 10240 40 256 2 512 5 3
1 Shared: 10240 40 256 2 1024 5 3
1 Shared: 10240 40 256 4 512 5 3
1 Shared: 10240 40 256 4 1024 5 3
1 Shared: 10240 20 512 1 512 5 3
1 Shared: 10240 20 512 1 1024 5 3
1 Shared: 10240 20 512 2 512 5 3
1 Shared: 10240 20 512 2 1024 5 3
1 Shared: 10240 20 512 4 512 5 3
1 Shared: 10240 20 512 4 1024 5 3
1 Shared: 10240 40 256 1 512 5 4
1 Shared: 10240 40 256 1 1024 5 4
1 Shared: 10240 40 256 2 512 5 4
1 Shared: 10240 40 256 2 1024 5 4
1 Shared: 10240 40 256 4 512 5 4
1 Shared: 10240 40 256 4 1024 5 4
1 Shared: 10240 20 512 1 512 5 4
1 Shared: 10240 20 512 1 1024 5 4
1 Shared: 10240 20 512 2 512 5 4
1 Shared: 10240 20 512 2 1024 5 4
1 Shared: 10240 20 512 4 512 5 4
1 Shared: 10240 20 512 4 1024 5 4
1 Shared: 10240 40 256 1 512 5 5
1 Shared: 10240 40 256 1 1024 5 5
1 Shared: 10240 40 256 2 512 5 5
1 Shared: 10240 40 256 2 1024 5 5
1 Shared: 10240 40 256 4 512 5 5
1 Shared: 10240 40 256 4 1024 5 5
1 Shared: 10240 20 512 1 512 5 5
1 Shared: 10240 20 512 1 1024 5 5
1 Shared: 10240 20 512 2 512 5 5
1 Shared: 10240 20 512 2 1024 5 5
1 Shared: 10240 20 512 4 512 5 5
1 Shared: 10240 20 512 4 1024 5 5
1 Shared: 10240 40 256 1 512 5 6
1 Shared: 10240 40 256 1 1024 5 6
1 Shared: 10240 40 256 2 512 5 6
1 Shared: 10240 40 256 2 1024 5 6
1 Shared: 10240 40 256 4 512 5 6
1 Shared: 10240 40 256 4 1024 5 6
1 Shared: 10240 20 512 1 512 5 6
1 Shared: 10240 20 512 1 1024 5 6
1 Shared: 10240 20 512 2 512 5 6
1 Shared: 10240 20 512 2 1024 5 6
1 Shared: 10240 20 512 4 512 5 6
1 Shared: 10240 20 512 4 1024 5 6