
0 Global: 1024 1 128 0 2
0 Global: 1024 2 128 0 2
0 Global: 1024 4 128 0 2
0 Global: 1024 6 128 0 2
0 Global: 1024 8 128 0 2
0 Global: 1024 12 128 0 2
0 Global: 1024 16 128 0 2
0 Global: 1024 24 128 0 2
0 Global: 1024 1 256 0 2
0 Global: 1024 2 256 0 2
0 Global: 1024 4 256 0 2
0 Global: 1024 6 256 0 2
0 Global: 1024 8 256 0 2
0 Global: 1024 12 256 0 2
0 Global: 1024 16 256 0 2
0 Global: 1024 24 256 0 2
0 Global: 1024 1 512 0 2
0 Global: 1024 2 512 0 2
0 Global: 1024 4 512 0 2
0 Global: 1024 6 512 0 2
0 Global: 1024 8 512 0 2
0 Global: 1024 12 512 0 2
0 Global: 1024 16 512 0 2
0 Global: 1024 24 512 0 2
0 Global: 1024 1 1024 0 2
0 Global: 1024 2 1024 0 2
0 Global: 1024 4 1024 0 2
0 Global: 1024 6 1024 0 2
0 Global: 1024 8 1024 0 2
0 Global: 1024 12 1024 0 2
0 Global: 1024 16 1024 0 2
0 Global: 1024 24 1024 0 2
0 Global: 1024 1 128 0 3
0 Global: 1024 2 128 0 3
0 Global: 1024 4 128 0 3
0 Global: 1024 6 128 0 3
0 Global: 1024 8 128 0 3
0 Global: 1024 12 128 0 3
0 Global: 1024 16 128 0 3
0 Global: 1024 24 128 0 3
0 Global: 1024 1 256 0 3
0 Global: 1024 2 256 0 3
0 Global: 1024 4 256 0 3
0 Global: 1024 6 256 0 3
0 Global: 1024 8 256 0 3
0 Global: 1024 12 256 0 3
0 Global: 1024 16 256 0 3
0 Global: 1024 24 256 0 3
0 Global: 1024 1 512 0 3
0 Global: 1024 2 512 0 3
0 Global: 1024 4 512 0 3
0 Global: 1024 6 512 0 3
0 Global: 1024 8 512 0 3
0 Global: 1024 12 512 0 3
0 Global: 1024 16 512 0 3
0 Global: 1024 24 512 0 3
0 Global: 1024 1 1024 0 3
0 Global: 1024 2 1024 0 3
0 Global: 1024 4 1024 0 3
0 Global: 1024 6 1024 0 3
0 Global: 1024 8 1024 0 3
0 Global: 1024 12 1024 0 3
0 Global: 1024 16 1024 0 3
0 Global: 1024 24 1024 0 3
0 Global: 4096 1 128 0 2
0 Global: 4096 2 128 0 2
0 Global: 4096 4 128 0 2
0 Global: 4096 6 128 0 2
0 Global: 4096 8 128 0 2
0 Global: 4096 12 128 0 2
0 Global: 4096 16 128 0 2
0 Global: 4096 24 128 0 2
0 Global: 4096 1 256 0 2
0 Global: 4096 2 256 0 2
0 Global: 4096 4 256 0 2
0 Global: 4096 6 256 0 2
0 Global: 4096 8 256 0 2
0 Global: 4096 12 256 0 2
0 Global: 4096 16 256 0 2
0 Global: 4096 24 256 0 2
0 Global: 4096 1 512 0 2
0 Global: 4096 2 512 0 2
0 Global: 4096 4 512 0 2
0 Global: 4096 6 512 0 2
0 Global: 4096 8 512 0 2
0 Global: 4096 12 512 0 2
0 Global: 4096 16 512 0 2
0 Global: 4096 24 512 0 2
0 Global: 4096 1 1024 0 2
0 Global: 4096 2 1024 0 2
0 Global: 4096 4 1024 0 2
0 Global: 4096 6 1024 0 2
0 Global: 4096 8 1024 0 2
0 Global: 4096 12 1024 0 2
0 Global: 4096 16 1024 0 2
0 Global: 4096 24 1024 0 2
0 Global: 4096 1 128 0 3
0 Global: 4096 2 128 0 3
0 Global: 4096 4 128 0 3
0 Global: 4096 6 128 0 3
0 Global: 4096 8 128 0 3
0 Global: 4096 12 128 0 3
0 Global: 4096 16 128 0 3
0 Global: 4096 24 128 0 3
0 Global: 4096 1 256 0 3
0 Global: 4096 2 256 0 3
0 Global: 4096 4 256 0 3
0 Global: 4096 6 256 0 3
0 Global: 4096 8 256 0 3
0 Global: 4096 12 256 0 3
0 Global: 4096 16 256 0 3
0 Global: 4096 24 256 0 3
0 Global: 4096 1 512 0 3
0 Global: 4096 2 512 0 3
0 Global: 4096 4 512 0 3
0 Global: 4096 6 512 0 3
0 Global: 4096 8 512 0 3
0 Global: 4096 12 512 0 3
0 Global: 4096 16 512 0 3
0 Global: 4096 24 512 0 3
0 Global: 4096 1 1024 0 3
0 Global: 4096 2 1024 0 3
0 Global: 4096 4 1024 0 3
0 Global: 4096 6 1024 0 3
0 Global: 4096 8 1024 0 3
0 Global: 4096 12 1024 0 3
0 Global: 4096 16 1024 0 3
0 Global: 4096 24 1024 0 3
0 Global: 10240 1 128 0 2
0 Global: 10240 2 128 0 2
0 Global: 10240 4 128 0 2
0 Global: 10240 6 128 0 2
0 Global: 10240 8 128 0 2
0 Global: 10240 12 128 0 2
0 Global: 10240 16 128 0 2
0 Global: 10240 24 128 0 2
0 Global: 10240 1 256 0 2
0 Global: 10240 2 256 0 2
0 Global: 10240 4 256 0 2
0 Global: 10240 6 256 0 2
0 Global: 10240 8 256 0 2
0 Global: 10240 12 256 0 2
0 Global: 10240 16 256 0 2
0 Global: 10240 24 256 0 2
0 Global: 10240 1 512 0 2
0 Global: 10240 2 512 0 2
0 Global: 10240 4 512 0 2
0 Global: 10240 6 512 0 2
0 Global: 10240 8 512 0 2
0 Global: 10240 12 512 0 2
0 Global: 10240 16 512 0 2
0 Global: 10240 24 512 0 2
0 Global: 10240 1 1024 0 2
0 Global: 10240 2 1024 0 2
0 Global: 10240 4 1024 0 2
0 Global: 10240 6 1024 0 2
0 Global: 10240 8 1024 0 2
0 Global: 10240 12 1024 0 2
0 Global: 10240 16 1024 0 2
0 Global: 10240 24 1024 0 2
0 Global: 10240 1 128 0 3
0 Global: 10240 2 128 0 3
0 Global: 10240 4 128 0 3
0 Global: 10240 6 128 0 3
0 Global: 10240 8 128 0 3
0 Global: 10240 12 128 0 3
0 Global: 10240 16 128 0 3
0 Global: 10240 24 128 0 3
0 Global: 10240 1 256 0 3
0 Global: 10240 2 256 0 3
0 Global: 10240 4 256 0 3
0 Global: 10240 6 256 0 3
0 Global: 10240 8 256 0 3
0 Global: 10240 12 256 0 3
0 Global: 10240 16 256 0 3
0 Global: 10240 24 256 0 3
0 Global: 10240 1 512 0 3
0 Global: 10240 2 512 0 3
0 Global: 10240 4 512 0 3
0 Global: 10240 6 512 0 3
0 Global: 10240 8 512 0 3
0 Global: 10240 12 512 0 3
0 Global: 10240 16 512 0 3
0 Global: 10240 24 512 0 3
0 Global: 10240 1 1024 0 3
0 Global: 10240 2 1024 0 3
0 Global: 10240 4 1024 0 3
0 Global: 10240 6 1024 0 3
0 Global: 10240 8 1024 0 3
0 Global: 10240 12 1024 0 3
0 Global: 10240 16 1024 0 3
0 Global: 10240 24 1024 0 3
0 Global: 40960 1 128 0 2
0 Global: 40960 2 128 0 2
0 Global: 40960 4 128 0 2
0 Global: 40960 6 128 0 2
0 Global: 40960 8 128 0 2
0 Global: 40960 12 128 0 2
0 Global: 40960 16 128 0 2
0 Global: 40960 24 128 0 2
0 Global: 40960 1 256 0 2
0 Global: 40960 2 256 0 2
0 Global: 40960 4 256 0 2
0 Global: 40960 6 256 0 2
0 Global: 40960 8 256 0 2
0 Global: 40960 12 256 0 2
0 Global: 40960 16 256 0 2
0 Global: 40960 24 256 0 2
0 Global: 40960 1 512 0 2
0 Global: 40960 2 512 0 2
0 Global: 40960 4 512 0 2
0 Global: 40960 6 512 0 2
0 Global: 40960 8 512 0 2
0 Global: 40960 12 512 0 2
0 Global: 40960 16 512 0 2
0 Global: 40960 24 512 0 2
0 Global: 40960 1 1024 0 2
0 Global: 40960 2 1024 0 2
0 Global: 40960 4 1024 0 2
0 Global: 40960 6 1024 0 2
0 Global: 40960 8 1024 0 2
0 Global: 40960 12 1024 0 2
0 Global: 40960 16 1024 0 2
0 Global: 40960 24 1024 0 2
0 Global: 40960 1 128 0 3
0 Global: 40960 2 128 0 3
0 Global: 40960 4 128 0 3
0 Global: 40960 6 128 0 3
0 Global: 40960 8 128 0 3
0 Global: 40960 12 128 0 3
0 Global: 40960 16 128 0 3
0 Global: 40960 24 128 0 3
0 Global: 40960 1 256 0 3
0 Global: 40960 2 256 0 3
0 Global: 40960 4 256 0 3
0 Global: 40960 6 256 0 3
0 Global: 40960 8 256 0 3
0 Global: 40960 12 256 0 3
0 Global: 40960 16 256 0 3
0 Global: 40960 24 256 0 3
0 Global: 40960 1 512 0 3
0 Global: 40960 2 512 0 3
0 Global: 40960 4 512 0 3
0 Global: 40960 6 512 0 3
0 Global: 40960 8 512 0 3
0 Global: 40960 12 512 0 3
0 Global: 40960 16 512 0 3
0 Global: 40960 24 512 0 3
0 Global: 40960 1 1024 0 3
0 Global: 40960 2 1024 0 3
0 Global: 40960 4 1024 0 3
0 Global: 40960 6 1024 0 3
0 Global: 40960 8 1024 0 3
0 Global: 40960 12 1024 0 3
0 Global: 40960 16 1024 0 3
0 Global: 40960 24 1024 0 3
0 Shared: 1024 1 128 0 2
0 Shared: 1024 2 128 0 2
0 Shared: 1024 4 128 0 2
0 Shared: 1024 6 128 0 2
0 Shared: 1024 8 128 0 2
0 Shared: 1024 12 128 0 2
0 Shared: 1024 16 128 0 2
0 Shared: 1024 24 128 0 2
0 Shared: 1024 1 256 0 2
0 Shared: 1024 2 256 0 2
0 Shared: 1024 4 256 0 2
0 Shared: 1024 6 256 0 2
0 Shared: 1024 8 256 0 2
0 Shared: 1024 12 256 0 2
0 Shared: 1024 16 256 0 2
0 Shared: 1024 24 256 0 2
0 Shared: 1024 1 512 0 2
0 Shared: 1024 2 512 0 2
0 Shared: 1024 4 512 0 2
0 Shared: 1024 6 512 0 2
0 Shared: 1024 8 512 0 2
0 Shared: 1024 12 512 0 2
0 Shared: 1024 16 512 0 2
0 Shared: 1024 24 512 0 2
0 Shared: 1024 1 1024 0 2
0 Shared: 1024 2 1024 0 2
0 Shared: 1024 4 1024 0 2
0 Shared: 1024 6 1024 0 2
0 Shared: 1024 8 1024 0 2
0 Shared: 1024 12 1024 0 2
0 Shared: 1024 16 1024 0 2
0 Shared: 1024 24 1024 0 2
0 Shared: 1024 1 128 0 3
0 Shared: 1024 2 128 0 3
0 Shared: 1024 4 128 0 3
0 Shared: 1024 6 128 0 3
0 Shared: 1024 8 128 0 3
0 Shared: 1024 12 128 0 3
0 Shared: 1024 16 128 0 3
0 Shared: 1024 24 128 0 3
0 Shared: 1024 1 256 0 3
0 Shared: 1024 2 256 0 3
0 Shared: 1024 4 256 0 3
0 Shared: 1024 6 256 0 3
0 Shared: 1024 8 256 0 3
0 Shared: 1024 12 256 0 3
0 Shared: 1024 16 256 0 3
0 Shared: 1024 24 256 0 3
0 Shared: 1024 1 512 0 3
0 Shared: 1024 2 512 0 3
0 Shared: 1024 4 512 0 3
0 Shared: 1024 6 512 0 3
0 Shared: 1024 8 512 0 3
0 Shared: 1024 12 512 0 3
0 Shared: 1024 16 512 0 3
0 Shared: 1024 24 512 0 3
0 Shared: 1024 1 1024 0 3
0 Shared: 1024 2 1024 0 3
0 Shared: 1024 4 1024 0 3
0 Shared: 1024 6 1024 0 3
0 Shared: 1024 8 1024 0 3
0 Shared: 1024 12 1024 0 3
0 Shared: 1024 16 1024 0 3
0 Shared: 1024 24 1024 0 3
0 Shared: 4096 1 128 0 2
0 Shared: 4096 2 128 0 2
0 Shared: 4096 4 128 0 2
0 Shared: 4096 6 128 0 2
0 Shared: 4096 8 128 0 2
0 Shared: 4096 12 128 0 2
0 Shared: 4096 16 128 0 2
0 Shared: 4096 24 128 0 2
0 Shared: 4096 1 256 0 2
0 Shared: 4096 2 256 0 2
0 Shared: 4096 4 256 0 2
0 Shared: 4096 6 256 0 2
0 Shared: 4096 8 256 0 2
0 Shared: 4096 12 256 0 2
0 Shared: 4096 16 256 0 2
0 Shared: 4096 24 256 0 2
0 Shared: 4096 1 512 0 2
0 Shared: 4096 2 512 0 2
0 Shared: 4096 4 512 0 2
0 Shared: 4096 6 512 0 2
0 Shared: 4096 8 512 0 2
0 Shared: 4096 12 512 0 2
0 Shared: 4096 16 512 0 2
0 Shared: 4096 24 512 0 2
0 Shared: 4096 1 1024 0 2
0 Shared: 4096 2 1024 0 2
0 Shared: 4096 4 1024 0 2
0 Shared: 4096 6 1024 0 2
0 Shared: 4096 8 1024 0 2
0 Shared: 4096 12 1024 0 2
0 Shared: 4096 16 1024 0 2
0 Shared: 4096 24 1024 0 2
0 Shared: 4096 1 128 0 3
0 Shared: 4096 2 128 0 3
0 Shared: 4096 4 128 0 3
0 Shared: 4096 6 128 0 3
0 Shared: 4096 8 128 0 3
0 Shared: 4096 12 128 0 3
0 Shared: 4096 16 128 0 3
0 Shared: 4096 24 128 0 3
0 Shared: 4096 1 256 0 3
0 Shared: 4096 2 256 0 3
0 Shared: 4096 4 256 0 3
0 Shared: 4096 6 256 0 3
0 Shared: 4096 8 256 0 3
0 Shared: 4096 12 256 0 3
0 Shared: 4096 16 256 0 3
0 Shared: 4096 24 256 0 3
0 Shared: 4096 1 512 0 3
0 Shared: 4096 2 512 0 3
0 Shared: 4096 4 512 0 3
0 Shared: 4096 6 512 0 3
0 Shared: 4096 8 512 0 3
0 Shared: 4096 12 512 0 3
0 Shared: 4096 16 512 0 3
0 Shared: 4096 24 512 0 3
0 Shared: 4096 1 1024 0 3
0 Shared: 4096 2 1024 0 3
0 Shared: 4096 4 1024 0 3
0 Shared: 4096 6 1024 0 3
0 Shared: 4096 8 1024 0 3
0 Shared: 4096 12 1024 0 3
0 Shared: 4096 16 1024 0 3
0 Shared: 4096 24 1024 0 3
0 Shared: 10240 1 128 0 2
0 Shared: 10240 2 128 0 2
0 Shared: 10240 4 128 0 2
0 Shared: 10240 6 128 0 2
0 Shared: 10240 8 128 0 2
0 Shared: 10240 12 128 0 2
0 Shared: 10240 16 128 0 2
0 Shared: 10240 24 128 0 2
0 Shared: 10240 1 256 0 2
0 Shared: 10240 2 256 0 2
0 Shared: 10240 4 256 0 2
0 Shared: 10240 6 256 0 2
0 Shared: 10240 8 256 0 2
0 Shared: 10240 12 256 0 2
0 Shared: 10240 16 256 0 2
0 Shared: 10240 24 256 0 2
0 Shared: 10240 1 512 0 2
0 Shared: 10240 2 512 0 2
0 Shared: 10240 4 512 0 2
0 Shared: 10240 6 512 0 2
0 Shared: 10240 8 512 0 2
0 Shared: 10240 12 512 0 2
0 Shared: 10240 16 512 0 2
0 Shared: 10240 24 512 0 2
0 Shared: 10240 1 1024 0 2
0 Shared: 10240 2 1024 0 2
0 Shared: 10240 4 1024 0 2
0 Shared: 10240 6 1024 0 2
0 Shared: 10240 8 1024 0 2
0 Shared: 10240 12 1024 0 2
0 Shared: 10240 16 1024 0 2
0 Shared: 10240 24 1024 0 2
0 Shared: 10240 1 128 0 3
0 Shared: 10240 2 128 0 3
0 Shared: 10240 4 128 0 3
0 Shared: 10240 6 128 0 3
0 Shared: 10240 8 128 0 3
0 Shared: 10240 12 128 0 3
0 Shared: 10240 16 128 0 3
0 Shared: 10240 24 128 0 3
0 Shared: 10240 1 256 0 3
0 Shared: 10240 2 256 0 3
0 Shared: 10240 4 256 0 3
0 Shared: 10240 6 256 0 3
0 Shared: 10240 8 256 0 3
0 Shared: 10240 12 256 0 3
0 Shared: 10240 16 256 0 3
0 Shared: 10240 24 256 0 3
0 Shared: 10240 1 512 0 3
0 Shared: 10240 2 512 0 3
0 Shared: 10240 4 512 0 3
0 Shared: 10240 6 512 0 3
0 Shared: 10240 8 512 0 3
0 Shared: 10240 12 512 0 3
0 Shared: 10240 16 512 0 3
0 Shared: 10240 24 512 0 3
0 Shared: 10240 1 1024 0 3
0 Shared: 10240 2 1024 0 3
0 Shared: 10240 4 1024 0 3
0 Shared: 10240 6 1024 0 3
0 Shared: 10240 8 1024 0 3
0 Shared: 10240 12 1024 0 3
0 Shared: 10240 16 1024 0 3
0 Shared: 10240 24 1024 0 3
0 Shared: 40960 1 128 0 2
0 Shared: 40960 2 128 0 2
0 Shared: 40960 4 128 0 2
0 Shared: 40960 6 128 0 2
0 Shared: 40960 8 128 0 2
0 Shared: 40960 12 128 0 2
0 Shared: 40960 16 128 0 2
0 Shared: 40960 24 128 0 2
0 Shared: 40960 1 256 0 2
0 Shared: 40960 2 256 0 2
0 Shared: 40960 4 256 0 2
0 Shared: 40960 6 256 0 2
0 Shared: 40960 8 256 0 2
0 Shared: 40960 12 256 0 2
0 Shared: 40960 16 256 0 2
0 Shared: 40960 24 256 0 2
0 Shared: 40960 1 512 0 2
0 Shared: 40960 2 512 0 2
0 Shared: 40960 4 512 0 2
0 Shared: 40960 6 512 0 2
0 Shared: 40960 8 512 0 2
0 Shared: 40960 12 512 0 2
0 Shared: 40960 16 512 0 2
0 Shared: 40960 24 512 0 2
0 Shared: 40960 1 1024 0 2
0 Shared: 40960 2 1024 0 2
0 Shared: 40960 4 1024 0 2
0 Shared: 40960 6 1024 0 2
0 Shared: 40960 8 1024 0 2
0 Shared: 40960 12 1024 0 2
0 Shared: 40960 16 1024 0 2
0 Shared: 40960 24 1024 0 2
0 Shared: 40960 1 128 0 3
0 Shared: 40960 2 128 0 3
0 Shared: 40960 4 128 0 3
0 Shared: 40960 6 128 0 3
0 Shared: 40960 8 128 0 3
0 Shared: 40960 12 128 0 3
0 Shared: 40960 16 128 0 3
0 Shared: 40960 24 128 0 3
0 Shared: 40960 1 256 0 3
0 Shared: 40960 2 256 0 3
0 Shared: 40960 4 256 0 3
0 Shared: 40960 6 256 0 3
0 Shared: 40960 8 256 0 3
0 Shared: 40960 12 256 0 3
0 Shared: 40960 16 256 0 3
0 Shared: 40960 24 256 0 3
0 Shared: 40960 1 512 0 3
0 Shared: 40960 2 512 0 3
0 Shared: 40960 4 512 0 3
0 Shared: 40960 6 512 0 3
0 Shared: 40960 8 512 0 3
0 Shared: 40960 12 512 0 3
0 Shared: 40960 16 512 0 3
0 Shared: 40960 24 512 0 3
0 Shared: 40960 1 1024 0 3
0 Shared: 40960 2 1024 0 3
0 Shared: 40960 4 1024 0 3
0 Shared: 40960 6 1024 0 3
0 Shared: 40960 8 1024 0 3
0 Shared: 40960 12 1024 0 3
0 Shared: 40960 16 1024 0 3
0 Shared: 40960 24 1024 0 3